2023-01-03 14:34:25.141760;{0: [8, 11, 12, 14, 18, 21, 21, 21, 25, 25, 28, 31, 38, 40, 40, 45, 45, 35, 25], 1: [8, 11, 12, 14, 18, 21, 21, 21, 25, 25, 28, 31, 38, 40, 40, 45, 45, 35, 25], 2: [8, 11, 12, 14, 18, 21, 21, 21, 25, 25, 28, 31, 38, 40, 40, 45, 45, 35, 25], 3: [8, 11, 12, 14, 18, 21, 21, 21, 25, 25, 28, 31, 38, 40, 40, 45, 45, 35, 25], 4: [8, 11, 12, 14, 18, 21, 21, 21, 25, 25, 28, 31, 38, 40, 40, 45, 45, 35, 25], 5: [8, 11, 12, 14, 18, 21, 21, 21, 25, 25, 28, 31, 38, 40, 40, 45, 45, 35, 25]}
{
	[[8, 11, 12, 14, 18, 21, 21, 21, 25, 25, 28, 31, 38, 40, 40, 45, 45, 35, 25], [8, 11, 12, 14, 18, 21, 21, 21, 25, 25, 28, 31, 38, 40, 40, 45, 45, 35, 25], [8, 11, 12, 14, 18, 21, 21, 21, 25, 25, 28, 31, 38, 40, 40, 45, 45, 35, 25], [8, 11, 12, 14, 18, 21, 21, 21, 25, 25, 28, 31, 38, 40, 40, 45, 45, 35, 25], [8, 11, 12, 14, 18, 21, 21, 21, 25, 25, 28, 31, 38, 40, 40, 45, 45, 35, 25], [8, 11, 12, 14, 18, 21, 21, 21, 25, 25, 28, 31, 38, 40, 40, 45, 45, 35, 25]]
	[[8, 11, 12, 14, 18, 21, 21, 21, 25, 25, 28, 31, 38, 40, 40, 45, 45, 35, 25], [8, 11, 12, 14, 18, 21, 21, 21, 25, 25, 28, 31, 38, 40, 40, 45, 45, 35, 25], [8, 11, 12, 14, 18, 21, 21, 21, 25, 25, 28, 31, 38, 40, 40, 45, 45, 35, 25], [8, 11, 12, 14, 18, 21, 21, 21, 25, 25, 28, 31, 38, 40, 40, 45, 45, 35, 25], [8, 11, 12, 14, 18, 21, 21, 21, 25, 25, 28, 31, 38, 40, 40, 45, 45, 35, 25], [8, 11, 12, 14, 18, 21, 21, 21, 25, 25, 28, 31, 38, 40, 40, 45, 45, 35, 25]]
	[[8, 11, 12, 14, 18, 21, 21, 21, 25, 25, 28, 31, 38, 40, 40, 45, 45, 35, 25], [8, 11, 12, 14, 18, 21, 21, 21, 25, 25, 28, 31, 38, 40, 40, 45, 45, 35, 25], [8, 11, 12, 14, 18, 21, 21, 21, 25, 25, 28, 31, 38, 40, 40, 45, 45, 35, 25], [8, 11, 12, 14, 18, 21, 21, 21, 25, 25, 28, 31, 38, 40, 40, 45, 45, 35, 25], [8, 11, 12, 14, 18, 21, 21, 21, 25, 25, 28, 31, 38, 40, 40, 45, 45, 35, 25], [8, 11, 12, 14, 18, 21, 21, 21, 25, 25, 28, 31, 38, 40, 40, 45, 45, 35, 25]]
	[[8, 11, 12, 14, 18, 21, 21, 21, 25, 25, 28, 31, 38, 40, 40, 45, 45, 35, 25], [8, 11, 12, 14, 18, 21, 21, 21, 25, 25, 28, 31, 38, 40, 40, 45, 45, 35, 25], [8, 11, 12, 14, 18, 21, 21, 21, 25, 25, 28, 31, 38, 40, 40, 45, 45, 35, 25], [8, 11, 12, 14, 18, 21, 21, 21, 25, 25, 28, 31, 38, 40, 40, 45, 45, 35, 25], [8, 11, 12, 14, 18, 21, 21, 21, 25, 25, 28, 31, 38, 40, 40, 45, 45, 35, 25], [8, 11, 12, 14, 18, 21, 21, 21, 25, 25, 28, 31, 38, 40, 40, 45, 45, 35, 25]]
	[[8, 11, 12, 14, 18, 21, 21, 21, 25, 25, 28, 31, 38, 40, 40, 45, 45, 35, 25], [8, 11, 12, 14, 18, 21, 21, 21, 25, 25, 28, 31, 38, 40, 40, 45, 45, 35, 25], [8, 11, 12, 14, 18, 21, 21, 21, 25, 25, 28, 31, 38, 40, 40, 45, 45, 35, 25], [8, 11, 12, 14, 18, 21, 21, 21, 25, 25, 28, 31, 38, 40, 40, 45, 45, 35, 25], [8, 11, 12, 14, 18, 21, 21, 21, 25, 25, 28, 31, 38, 40, 40, 45, 45, 35, 25], [8, 11, 12, 14, 18, 21, 21, 21, 25, 25, 28, 31, 38, 40, 40, 45, 45, 35, 25]]
	[[8, 11, 12, 14, 18, 21, 21, 21, 25, 25, 28, 31, 38, 40, 40, 45, 45, 35, 25], [8, 11, 12, 14, 18, 21, 21, 21, 25, 25, 28, 31, 38, 40, 40, 45, 45, 35, 25], [8, 11, 12, 14, 18, 21, 21, 21, 25, 25, 28, 31, 38, 40, 40, 45, 45, 35, 25], [8, 11, 12, 14, 18, 21, 21, 21, 25, 25, 28, 31, 38, 40, 40, 45, 45, 35, 25], [8, 11, 12, 14, 18, 21, 21, 21, 25, 25, 28, 31, 38, 40, 40, 45, 45, 35, 25], [8, 11, 12, 14, 18, 21, 21, 21, 25, 25, 28, 31, 38, 40, 40, 45, 45, 35, 25]]
}
2023-01-04 16:21:03.496174;{0: [8, 11, 12, 14, 18, 21, 21, 21, 25, 25, 28, 31, 38, 40, 40, 45, 45, 35, 25], 1: [8, 11, 12, 14, 18, 21, 21, 21, 25, 25, 28, 31, 38, 40, 40, 45, 45, 35, 25], 2: [8, 11, 12, 14, 18, 21, 21, 21, 25, 25, 28, 31, 38, 40, 40, 45, 45, 35, 25], 3: [8, 11, 12, 14, 18, 21, 21, 21, 25, 25, 28, 31, 38, 40, 40, 45, 45, 35, 25], 4: [8, 11, 12, 14, 18, 21, 21, 21, 25, 25, 28, 31, 38, 40, 40, 45, 45, 35, 25], 5: [8, 11, 12, 14, 18, 21, 21, 21, 25, 25, 28, 31, 38, 40, 40, 45, 45, 35, 25]}
{
	[[8, 11, 12, 14, 18, 21, 21, 21, 25, 25, 28, 31, 38, 40, 40, 45, 45, 35, 25], [8, 11, 12, 14, 18, 21, 21, 21, 25, 25, 28, 31, 38, 40, 40, 45, 45, 35, 25], [8, 11, 12, 14, 18, 21, 21, 21, 25, 25, 28, 31, 38, 40, 40, 45, 45, 35, 25], [8, 11, 12, 14, 18, 21, 21, 21, 25, 25, 28, 31, 38, 40, 40, 45, 45, 35, 25], [8, 11, 12, 14, 18, 21, 21, 21, 25, 25, 28, 31, 38, 40, 40, 45, 45, 35, 25], [8, 11, 12, 14, 18, 21, 21, 21, 25, 25, 28, 31, 38, 40, 40, 45, 45, 35, 25]]
	[[8, 11, 12, 14, 18, 21, 21, 21, 25, 25, 28, 31, 38, 40, 40, 45, 45, 35, 25], [8, 11, 12, 14, 18, 21, 21, 21, 25, 25, 28, 31, 38, 40, 40, 45, 45, 35, 25], [8, 11, 12, 14, 18, 21, 21, 21, 25, 25, 28, 31, 38, 40, 40, 45, 45, 35, 25], [8, 11, 12, 14, 18, 21, 21, 21, 25, 25, 28, 31, 38, 40, 40, 45, 45, 35, 25], [8, 11, 12, 14, 18, 21, 21, 21, 25, 25, 28, 31, 38, 40, 40, 45, 45, 35, 25], [8, 11, 12, 14, 18, 21, 21, 21, 25, 25, 28, 31, 38, 40, 40, 45, 45, 35, 25]]
	[[8, 11, 12, 14, 18, 21, 21, 21, 25, 25, 28, 31, 38, 40, 40, 45, 45, 35, 25], [8, 11, 12, 14, 18, 21, 21, 21, 25, 25, 28, 31, 38, 40, 40, 45, 45, 35, 25], [8, 11, 12, 14, 18, 21, 21, 21, 25, 25, 28, 31, 38, 40, 40, 45, 45, 35, 25], [8, 11, 12, 14, 18, 21, 21, 21, 25, 25, 28, 31, 38, 40, 40, 45, 45, 35, 25], [8, 11, 12, 14, 18, 21, 21, 21, 25, 25, 28, 31, 38, 40, 40, 45, 45, 35, 25], [8, 11, 12, 14, 18, 21, 21, 21, 25, 25, 28, 31, 38, 40, 40, 45, 45, 35, 25]]
	[[8, 11, 12, 14, 18, 21, 21, 21, 25, 25, 28, 31, 38, 40, 40, 45, 45, 35, 25], [8, 11, 12, 14, 18, 21, 21, 21, 25, 25, 28, 31, 38, 40, 40, 45, 45, 35, 25], [8, 11, 12, 14, 18, 21, 21, 21, 25, 25, 28, 31, 38, 40, 40, 45, 45, 35, 25], [8, 11, 12, 14, 18, 21, 21, 21, 25, 25, 28, 31, 38, 40, 40, 45, 45, 35, 25], [8, 11, 12, 14, 18, 21, 21, 21, 25, 25, 28, 31, 38, 40, 40, 45, 45, 35, 25], [8, 11, 12, 14, 18, 21, 21, 21, 25, 25, 28, 31, 38, 40, 40, 45, 45, 35, 25]]
	[[8, 11, 12, 14, 18, 21, 21, 21, 25, 25, 28, 31, 38, 40, 40, 45, 45, 35, 25], [8, 11, 12, 14, 18, 21, 21, 21, 25, 25, 28, 31, 38, 40, 40, 45, 45, 35, 25], [8, 11, 12, 14, 18, 21, 21, 21, 25, 25, 28, 31, 38, 40, 40, 45, 45, 35, 25], [8, 11, 12, 14, 18, 21, 21, 21, 25, 25, 28, 31, 38, 40, 40, 45, 45, 35, 25], [8, 11, 12, 14, 18, 21, 21, 21, 25, 25, 28, 31, 38, 40, 40, 45, 45, 35, 25], [8, 11, 12, 14, 18, 21, 21, 21, 25, 25, 28, 31, 38, 40, 40, 45, 45, 35, 25]]
	[[8, 11, 12, 14, 18, 21, 21, 21, 25, 25, 28, 31, 38, 40, 40, 45, 45, 35, 25], [8, 11, 12, 14, 18, 21, 21, 21, 25, 25, 28, 31, 38, 40, 40, 45, 45, 35, 25], [8, 11, 12, 14, 18, 21, 21, 21, 25, 25, 28, 31, 38, 40, 40, 45, 45, 35, 25], [8, 11, 12, 14, 18, 21, 21, 21, 25, 25, 28, 31, 38, 40, 40, 45, 45, 35, 25], [8, 11, 12, 14, 18, 21, 21, 21, 25, 25, 28, 31, 38, 40, 40, 45, 45, 35, 25], [8, 11, 12, 14, 18, 21, 21, 21, 25, 25, 28, 31, 38, 40, 40, 45, 45, 35, 25]]
}
2023-01-04 16:48:03.149435;{0: [8, 11, 12, 14, 18, 21, 21, 21, 25, 25, 28, 31, 38, 40, 40, 45, 45, 35, 25], 1: [8, 11, 12, 14, 18, 21, 21, 21, 25, 25, 28, 31, 38, 40, 40, 45, 45, 35, 25], 2: [8, 11, 12, 14, 18, 21, 21, 21, 25, 25, 28, 31, 38, 40, 40, 45, 45, 35, 25], 3: [8, 11, 12, 14, 18, 21, 21, 21, 25, 25, 28, 31, 38, 40, 40, 45, 45, 35, 25], 4: [8, 11, 12, 14, 18, 21, 21, 21, 25, 25, 28, 31, 38, 40, 40, 45, 45, 35, 25], 5: [8, 11, 12, 14, 18, 21, 21, 21, 25, 25, 28, 31, 38, 40, 40, 45, 45, 35, 25]}
{
	[[8, 11, 12, 14, 18, 21, 21, 21, 25, 25, 28, 31, 38, 40, 40, 45, 45, 35, 25], [8, 11, 12, 14, 18, 21, 21, 21, 25, 25, 28, 31, 38, 40, 40, 45, 45, 35, 25], [8, 11, 12, 14, 18, 21, 21, 21, 25, 25, 28, 31, 38, 40, 40, 45, 45, 35, 25], [8, 11, 12, 14, 18, 21, 21, 21, 25, 25, 28, 31, 38, 40, 40, 45, 45, 35, 25], [8, 11, 12, 14, 18, 21, 21, 21, 25, 25, 28, 31, 38, 40, 40, 45, 45, 35, 25], [8, 11, 12, 14, 18, 21, 21, 21, 25, 25, 28, 31, 38, 40, 40, 45, 45, 35, 25]]
	[[8, 11, 12, 14, 18, 21, 21, 21, 25, 25, 28, 31, 38, 40, 40, 45, 45, 35, 25], [8, 11, 12, 14, 18, 21, 21, 21, 25, 25, 28, 31, 38, 40, 40, 45, 45, 35, 25], [8, 11, 12, 14, 18, 21, 21, 21, 25, 25, 28, 31, 38, 40, 40, 45, 45, 35, 25], [8, 11, 12, 14, 18, 21, 21, 21, 25, 25, 28, 31, 38, 40, 40, 45, 45, 35, 25], [8, 11, 12, 14, 18, 21, 21, 21, 25, 25, 28, 31, 38, 40, 40, 45, 45, 35, 25], [8, 11, 12, 14, 18, 21, 21, 21, 25, 25, 28, 31, 38, 40, 40, 45, 45, 35, 25]]
	[[8, 11, 12, 14, 18, 21, 21, 21, 25, 25, 28, 31, 38, 40, 40, 45, 45, 35, 25], [8, 11, 12, 14, 18, 21, 21, 21, 25, 25, 28, 31, 38, 40, 40, 45, 45, 35, 25], [8, 11, 12, 14, 18, 21, 21, 21, 25, 25, 28, 31, 38, 40, 40, 45, 45, 35, 25], [8, 11, 12, 14, 18, 21, 21, 21, 25, 25, 28, 31, 38, 40, 40, 45, 45, 35, 25], [8, 11, 12, 14, 18, 21, 21, 21, 25, 25, 28, 31, 38, 40, 40, 45, 45, 35, 25], [8, 11, 12, 14, 18, 21, 21, 21, 25, 25, 28, 31, 38, 40, 40, 45, 45, 35, 25]]
	[[8, 11, 12, 14, 18, 21, 21, 21, 25, 25, 28, 31, 38, 40, 40, 45, 45, 35, 25], [8, 11, 12, 14, 18, 21, 21, 21, 25, 25, 28, 31, 38, 40, 40, 45, 45, 35, 25], [8, 11, 12, 14, 18, 21, 21, 21, 25, 25, 28, 31, 38, 40, 40, 45, 45, 35, 25], [8, 11, 12, 14, 18, 21, 21, 21, 25, 25, 28, 31, 38, 40, 40, 45, 45, 35, 25], [8, 11, 12, 14, 18, 21, 21, 21, 25, 25, 28, 31, 38, 40, 40, 45, 45, 35, 25], [8, 11, 12, 14, 18, 21, 21, 21, 25, 25, 28, 31, 38, 40, 40, 45, 45, 35, 25]]
	[[8, 11, 12, 14, 18, 21, 21, 21, 25, 25, 28, 31, 38, 40, 40, 45, 45, 35, 25], [8, 11, 12, 14, 18, 21, 21, 21, 25, 25, 28, 31, 38, 40, 40, 45, 45, 35, 25], [8, 11, 12, 14, 18, 21, 21, 21, 25, 25, 28, 31, 38, 40, 40, 45, 45, 35, 25], [8, 11, 12, 14, 18, 21, 21, 21, 25, 25, 28, 31, 38, 40, 40, 45, 45, 35, 25], [8, 11, 12, 14, 18, 21, 21, 21, 25, 25, 28, 31, 38, 40, 40, 45, 45, 35, 25], [8, 11, 12, 14, 18, 21, 21, 21, 25, 25, 28, 31, 38, 40, 40, 45, 45, 35, 25]]
	[[8, 11, 12, 14, 18, 21, 21, 21, 25, 25, 28, 31, 38, 40, 40, 45, 45, 35, 25], [8, 11, 12, 14, 18, 21, 21, 21, 25, 25, 28, 31, 38, 40, 40, 45, 45, 35, 25], [8, 11, 12, 14, 18, 21, 21, 21, 25, 25, 28, 31, 38, 40, 40, 45, 45, 35, 25], [8, 11, 12, 14, 18, 21, 21, 21, 25, 25, 28, 31, 38, 40, 40, 45, 45, 35, 25], [8, 11, 12, 14, 18, 21, 21, 21, 25, 25, 28, 31, 38, 40, 40, 45, 45, 35, 25], [8, 11, 12, 14, 18, 21, 21, 21, 25, 25, 28, 31, 38, 40, 40, 45, 45, 35, 25]]
}
2023-01-04 16:48:42.152126;{0: [8, 11, 12, 14, 18, 21, 21, 21, 25, 25, 28, 31, 38, 40, 40, 45, 45, 35, 25], 1: [8, 11, 12, 14, 18, 21, 21, 21, 25, 25, 28, 31, 38, 40, 40, 45, 45, 35, 25], 2: [8, 11, 12, 14, 18, 21, 21, 21, 25, 25, 28, 31, 38, 40, 40, 45, 45, 35, 25], 3: [8, 11, 12, 14, 18, 21, 21, 21, 25, 25, 28, 31, 38, 40, 40, 45, 45, 35, 25], 4: [8, 11, 12, 14, 18, 21, 21, 21, 25, 25, 28, 31, 38, 40, 40, 45, 45, 35, 25], 5: [8, 11, 12, 14, 18, 21, 21, 21, 25, 25, 28, 31, 38, 40, 40, 45, 45, 35, 25]}
{
	[[8, 11, 12, 14, 18, 21, 21, 21, 25, 25, 28, 31, 38, 40, 40, 45, 45, 35, 25], [8, 11, 12, 14, 18, 21, 21, 21, 25, 25, 28, 31, 38, 40, 40, 45, 45, 35, 25], [8, 11, 12, 14, 18, 21, 21, 21, 25, 25, 28, 31, 38, 40, 40, 45, 45, 35, 25], [8, 11, 12, 14, 18, 21, 21, 21, 25, 25, 28, 31, 38, 40, 40, 45, 45, 35, 25], [8, 11, 12, 14, 18, 21, 21, 21, 25, 25, 28, 31, 38, 40, 40, 45, 45, 35, 25], [8, 11, 12, 14, 18, 21, 21, 21, 25, 25, 28, 31, 38, 40, 40, 45, 45, 35, 25]]
	[[8, 11, 12, 14, 18, 21, 21, 21, 25, 25, 28, 31, 38, 40, 40, 45, 45, 35, 25], [8, 11, 12, 14, 18, 21, 21, 21, 25, 25, 28, 31, 38, 40, 40, 45, 45, 35, 25], [8, 11, 12, 14, 18, 21, 21, 21, 25, 25, 28, 31, 38, 40, 40, 45, 45, 35, 25], [8, 11, 12, 14, 18, 21, 21, 21, 25, 25, 28, 31, 38, 40, 40, 45, 45, 35, 25], [8, 11, 12, 14, 18, 21, 21, 21, 25, 25, 28, 31, 38, 40, 40, 45, 45, 35, 25], [8, 11, 12, 14, 18, 21, 21, 21, 25, 25, 28, 31, 38, 40, 40, 45, 45, 35, 25]]
	[[8, 11, 12, 14, 18, 21, 21, 21, 25, 25, 28, 31, 38, 40, 40, 45, 45, 35, 25], [8, 11, 12, 14, 18, 21, 21, 21, 25, 25, 28, 31, 38, 40, 40, 45, 45, 35, 25], [8, 11, 12, 14, 18, 21, 21, 21, 25, 25, 28, 31, 38, 40, 40, 45, 45, 35, 25], [8, 11, 12, 14, 18, 21, 21, 21, 25, 25, 28, 31, 38, 40, 40, 45, 45, 35, 25], [8, 11, 12, 14, 18, 21, 21, 21, 25, 25, 28, 31, 38, 40, 40, 45, 45, 35, 25], [8, 11, 12, 14, 18, 21, 21, 21, 25, 25, 28, 31, 38, 40, 40, 45, 45, 35, 25]]
	[[8, 11, 12, 14, 18, 21, 21, 21, 25, 25, 28, 31, 38, 40, 40, 45, 45, 35, 25], [8, 11, 12, 14, 18, 21, 21, 21, 25, 25, 28, 31, 38, 40, 40, 45, 45, 35, 25], [8, 11, 12, 14, 18, 21, 21, 21, 25, 25, 28, 31, 38, 40, 40, 45, 45, 35, 25], [8, 11, 12, 14, 18, 21, 21, 21, 25, 25, 28, 31, 38, 40, 40, 45, 45, 35, 25], [8, 11, 12, 14, 18, 21, 21, 21, 25, 25, 28, 31, 38, 40, 40, 45, 45, 35, 25], [8, 11, 12, 14, 18, 21, 21, 21, 25, 25, 28, 31, 38, 40, 40, 45, 45, 35, 25]]
	[[8, 11, 12, 14, 18, 21, 21, 21, 25, 25, 28, 31, 38, 40, 40, 45, 45, 35, 25], [8, 11, 12, 14, 18, 21, 21, 21, 25, 25, 28, 31, 38, 40, 40, 45, 45, 35, 25], [8, 11, 12, 14, 18, 21, 21, 21, 25, 25, 28, 31, 38, 40, 40, 45, 45, 35, 25], [8, 11, 12, 14, 18, 21, 21, 21, 25, 25, 28, 31, 38, 40, 40, 45, 45, 35, 25], [8, 11, 12, 14, 18, 21, 21, 21, 25, 25, 28, 31, 38, 40, 40, 45, 45, 35, 25], [8, 11, 12, 14, 18, 21, 21, 21, 25, 25, 28, 31, 38, 40, 40, 45, 45, 35, 25]]
	[[8, 11, 12, 14, 18, 21, 21, 21, 25, 25, 28, 31, 38, 40, 40, 45, 45, 35, 25], [8, 11, 12, 14, 18, 21, 21, 21, 25, 25, 28, 31, 38, 40, 40, 45, 45, 35, 25], [8, 11, 12, 14, 18, 21, 21, 21, 25, 25, 28, 31, 38, 40, 40, 45, 45, 35, 25], [8, 11, 12, 14, 18, 21, 21, 21, 25, 25, 28, 31, 38, 40, 40, 45, 45, 35, 25], [8, 11, 12, 14, 18, 21, 21, 21, 25, 25, 28, 31, 38, 40, 40, 45, 45, 35, 25], [8, 11, 12, 14, 18, 21, 21, 21, 25, 25, 28, 31, 38, 40, 40, 45, 45, 35, 25]]
}
2023-01-04 16:50:22.048642;{0: [8, 11, 12, 14, 18, 21, 21, 21, 25, 25, 28, 31, 38, 40, 40, 45, 45, 35, 25], 1: [8, 11, 12, 14, 18, 21, 21, 21, 25, 25, 28, 31, 38, 40, 40, 45, 45, 35, 25], 2: [8, 11, 12, 14, 18, 21, 21, 21, 25, 25, 28, 31, 38, 40, 40, 45, 45, 35, 25], 3: [8, 11, 12, 14, 18, 21, 21, 21, 25, 25, 28, 31, 38, 40, 40, 45, 45, 35, 25], 4: [8, 11, 12, 14, 18, 21, 21, 21, 25, 25, 28, 31, 38, 40, 40, 45, 45, 35, 25], 5: [8, 11, 12, 14, 18, 21, 21, 21, 25, 25, 28, 31, 38, 40, 40, 45, 45, 35, 25]}
{
	[[8, 11, 12, 14, 18, 21, 21, 21, 25, 25, 28, 31, 38, 40, 40, 45, 45, 35, 25], [8, 11, 12, 14, 18, 21, 21, 21, 25, 25, 28, 31, 38, 40, 40, 45, 45, 35, 25], [8, 11, 12, 14, 18, 21, 21, 21, 25, 25, 28, 31, 38, 40, 40, 45, 45, 35, 25], [8, 11, 12, 14, 18, 21, 21, 21, 25, 25, 28, 31, 38, 40, 40, 45, 45, 35, 25], [8, 11, 12, 14, 18, 21, 21, 21, 25, 25, 28, 31, 38, 40, 40, 45, 45, 35, 25], [8, 11, 12, 14, 18, 21, 21, 21, 25, 25, 28, 31, 38, 40, 40, 45, 45, 35, 25]]
	[[8, 11, 12, 14, 18, 21, 21, 21, 25, 25, 28, 31, 38, 40, 40, 45, 45, 35, 25], [8, 11, 12, 14, 18, 21, 21, 21, 25, 25, 28, 31, 38, 40, 40, 45, 45, 35, 25], [8, 11, 12, 14, 18, 21, 21, 21, 25, 25, 28, 31, 38, 40, 40, 45, 45, 35, 25], [8, 11, 12, 14, 18, 21, 21, 21, 25, 25, 28, 31, 38, 40, 40, 45, 45, 35, 25], [8, 11, 12, 14, 18, 21, 21, 21, 25, 25, 28, 31, 38, 40, 40, 45, 45, 35, 25], [8, 11, 12, 14, 18, 21, 21, 21, 25, 25, 28, 31, 38, 40, 40, 45, 45, 35, 25]]
	[[8, 11, 12, 14, 18, 21, 21, 21, 25, 25, 28, 31, 38, 40, 40, 45, 45, 35, 25], [8, 11, 12, 14, 18, 21, 21, 21, 25, 25, 28, 31, 38, 40, 40, 45, 45, 35, 25], [8, 11, 12, 14, 18, 21, 21, 21, 25, 25, 28, 31, 38, 40, 40, 45, 45, 35, 25], [8, 11, 12, 14, 18, 21, 21, 21, 25, 25, 28, 31, 38, 40, 40, 45, 45, 35, 25], [8, 11, 12, 14, 18, 21, 21, 21, 25, 25, 28, 31, 38, 40, 40, 45, 45, 35, 25], [8, 11, 12, 14, 18, 21, 21, 21, 25, 25, 28, 31, 38, 40, 40, 45, 45, 35, 25]]
	[[8, 11, 12, 14, 18, 21, 21, 21, 25, 25, 28, 31, 38, 40, 40, 45, 45, 35, 25], [8, 11, 12, 14, 18, 21, 21, 21, 25, 25, 28, 31, 38, 40, 40, 45, 45, 35, 25], [8, 11, 12, 14, 18, 21, 21, 21, 25, 25, 28, 31, 38, 40, 40, 45, 45, 35, 25], [8, 11, 12, 14, 18, 21, 21, 21, 25, 25, 28, 31, 38, 40, 40, 45, 45, 35, 25], [8, 11, 12, 14, 18, 21, 21, 21, 25, 25, 28, 31, 38, 40, 40, 45, 45, 35, 25], [8, 11, 12, 14, 18, 21, 21, 21, 25, 25, 28, 31, 38, 40, 40, 45, 45, 35, 25]]
	[[8, 11, 12, 14, 18, 21, 21, 21, 25, 25, 28, 31, 38, 40, 40, 45, 45, 35, 25], [8, 11, 12, 14, 18, 21, 21, 21, 25, 25, 28, 31, 38, 40, 40, 45, 45, 35, 25], [8, 11, 12, 14, 18, 21, 21, 21, 25, 25, 28, 31, 38, 40, 40, 45, 45, 35, 25], [8, 11, 12, 14, 18, 21, 21, 21, 25, 25, 28, 31, 38, 40, 40, 45, 45, 35, 25], [8, 11, 12, 14, 18, 21, 21, 21, 25, 25, 28, 31, 38, 40, 40, 45, 45, 35, 25], [8, 11, 12, 14, 18, 21, 21, 21, 25, 25, 28, 31, 38, 40, 40, 45, 45, 35, 25]]
	[[8, 11, 12, 14, 18, 21, 21, 21, 25, 25, 28, 31, 38, 40, 40, 45, 45, 35, 25], [8, 11, 12, 14, 18, 21, 21, 21, 25, 25, 28, 31, 38, 40, 40, 45, 45, 35, 25], [8, 11, 12, 14, 18, 21, 21, 21, 25, 25, 28, 31, 38, 40, 40, 45, 45, 35, 25], [8, 11, 12, 14, 18, 21, 21, 21, 25, 25, 28, 31, 38, 40, 40, 45, 45, 35, 25], [8, 11, 12, 14, 18, 21, 21, 21, 25, 25, 28, 31, 38, 40, 40, 45, 45, 35, 25], [8, 11, 12, 14, 18, 21, 21, 21, 25, 25, 28, 31, 38, 40, 40, 45, 45, 35, 25]]
}
2023-01-04 16:50:53.954889;{0: [8, 11, 12, 14, 18, 21, 21, 21, 25, 25, 28, 31, 38, 40, 40, 45, 45, 35, 25], 1: [8, 11, 12, 14, 18, 21, 21, 21, 25, 25, 28, 31, 38, 40, 40, 45, 45, 35, 25], 2: [8, 11, 12, 14, 18, 21, 21, 21, 25, 25, 28, 31, 38, 40, 40, 45, 45, 35, 25], 3: [8, 11, 12, 14, 18, 21, 21, 21, 25, 25, 28, 31, 38, 40, 40, 45, 45, 35, 25], 4: [8, 11, 12, 14, 18, 21, 21, 21, 25, 25, 28, 31, 38, 40, 40, 45, 45, 35, 25], 5: [8, 11, 12, 14, 18, 21, 21, 21, 25, 25, 28, 31, 38, 40, 40, 45, 45, 35, 25]}
{
	[[8, 11, 12, 14, 18, 21, 21, 21, 25, 25, 28, 31, 38, 40, 40, 45, 45, 35, 25], [8, 11, 12, 14, 18, 21, 21, 21, 25, 25, 28, 31, 38, 40, 40, 45, 45, 35, 25], [8, 11, 12, 14, 18, 21, 21, 21, 25, 25, 28, 31, 38, 40, 40, 45, 45, 35, 25], [8, 11, 12, 14, 18, 21, 21, 21, 25, 25, 28, 31, 38, 40, 40, 45, 45, 35, 25], [8, 11, 12, 14, 18, 21, 21, 21, 25, 25, 28, 31, 38, 40, 40, 45, 45, 35, 25], [8, 11, 12, 14, 18, 21, 21, 21, 25, 25, 28, 31, 38, 40, 40, 45, 45, 35, 25]]
	[[8, 11, 12, 14, 18, 21, 21, 21, 25, 25, 28, 31, 38, 40, 40, 45, 45, 35, 25], [8, 11, 12, 14, 18, 21, 21, 21, 25, 25, 28, 31, 38, 40, 40, 45, 45, 35, 25], [8, 11, 12, 14, 18, 21, 21, 21, 25, 25, 28, 31, 38, 40, 40, 45, 45, 35, 25], [8, 11, 12, 14, 18, 21, 21, 21, 25, 25, 28, 31, 38, 40, 40, 45, 45, 35, 25], [8, 11, 12, 14, 18, 21, 21, 21, 25, 25, 28, 31, 38, 40, 40, 45, 45, 35, 25], [8, 11, 12, 14, 18, 21, 21, 21, 25, 25, 28, 31, 38, 40, 40, 45, 45, 35, 25]]
	[[8, 11, 12, 14, 18, 21, 21, 21, 25, 25, 28, 31, 38, 40, 40, 45, 45, 35, 25], [8, 11, 12, 14, 18, 21, 21, 21, 25, 25, 28, 31, 38, 40, 40, 45, 45, 35, 25], [8, 11, 12, 14, 18, 21, 21, 21, 25, 25, 28, 31, 38, 40, 40, 45, 45, 35, 25], [8, 11, 12, 14, 18, 21, 21, 21, 25, 25, 28, 31, 38, 40, 40, 45, 45, 35, 25], [8, 11, 12, 14, 18, 21, 21, 21, 25, 25, 28, 31, 38, 40, 40, 45, 45, 35, 25], [8, 11, 12, 14, 18, 21, 21, 21, 25, 25, 28, 31, 38, 40, 40, 45, 45, 35, 25]]
	[[8, 11, 12, 14, 18, 21, 21, 21, 25, 25, 28, 31, 38, 40, 40, 45, 45, 35, 25], [8, 11, 12, 14, 18, 21, 21, 21, 25, 25, 28, 31, 38, 40, 40, 45, 45, 35, 25], [8, 11, 12, 14, 18, 21, 21, 21, 25, 25, 28, 31, 38, 40, 40, 45, 45, 35, 25], [8, 11, 12, 14, 18, 21, 21, 21, 25, 25, 28, 31, 38, 40, 40, 45, 45, 35, 25], [8, 11, 12, 14, 18, 21, 21, 21, 25, 25, 28, 31, 38, 40, 40, 45, 45, 35, 25], [8, 11, 12, 14, 18, 21, 21, 21, 25, 25, 28, 31, 38, 40, 40, 45, 45, 35, 25]]
	[[8, 11, 12, 14, 18, 21, 21, 21, 25, 25, 28, 31, 38, 40, 40, 45, 45, 35, 25], [8, 11, 12, 14, 18, 21, 21, 21, 25, 25, 28, 31, 38, 40, 40, 45, 45, 35, 25], [8, 11, 12, 14, 18, 21, 21, 21, 25, 25, 28, 31, 38, 40, 40, 45, 45, 35, 25], [8, 11, 12, 14, 18, 21, 21, 21, 25, 25, 28, 31, 38, 40, 40, 45, 45, 35, 25], [8, 11, 12, 14, 18, 21, 21, 21, 25, 25, 28, 31, 38, 40, 40, 45, 45, 35, 25], [8, 11, 12, 14, 18, 21, 21, 21, 25, 25, 28, 31, 38, 40, 40, 45, 45, 35, 25]]
	[[8, 11, 12, 14, 18, 21, 21, 21, 25, 25, 28, 31, 38, 40, 40, 45, 45, 35, 25], [8, 11, 12, 14, 18, 21, 21, 21, 25, 25, 28, 31, 38, 40, 40, 45, 45, 35, 25], [8, 11, 12, 14, 18, 21, 21, 21, 25, 25, 28, 31, 38, 40, 40, 45, 45, 35, 25], [8, 11, 12, 14, 18, 21, 21, 21, 25, 25, 28, 31, 38, 40, 40, 45, 45, 35, 25], [8, 11, 12, 14, 18, 21, 21, 21, 25, 25, 28, 31, 38, 40, 40, 45, 45, 35, 25], [8, 11, 12, 14, 18, 21, 21, 21, 25, 25, 28, 31, 38, 40, 40, 45, 45, 35, 25]]
}
2023-01-04 16:51:09.779245;{0: [8, 11, 12, 14, 18, 21, 21, 21, 25, 25, 28, 31, 38, 40, 40, 45, 45, 35, 25], 1: [8, 11, 12, 14, 18, 21, 21, 21, 25, 25, 28, 31, 38, 40, 40, 45, 45, 35, 25], 2: [8, 11, 12, 14, 18, 21, 21, 21, 25, 25, 28, 31, 38, 40, 40, 45, 45, 35, 25], 3: [8, 11, 12, 14, 18, 21, 21, 21, 25, 25, 28, 31, 38, 40, 40, 45, 45, 35, 25], 4: [8, 11, 12, 14, 18, 21, 21, 21, 25, 25, 28, 31, 38, 40, 40, 45, 45, 35, 25], 5: [8, 11, 12, 14, 18, 21, 21, 21, 25, 25, 28, 31, 38, 40, 40, 45, 45, 35, 25]}
{
	[[8, 11, 12, 14, 18, 21, 21, 21, 25, 25, 28, 31, 38, 40, 40, 45, 45, 35, 25], [8, 11, 12, 14, 18, 21, 21, 21, 25, 25, 28, 31, 38, 40, 40, 45, 45, 35, 25], [8, 11, 12, 14, 18, 21, 21, 21, 25, 25, 28, 31, 38, 40, 40, 45, 45, 35, 25], [8, 11, 12, 14, 18, 21, 21, 21, 25, 25, 28, 31, 38, 40, 40, 45, 45, 35, 25], [8, 11, 12, 14, 18, 21, 21, 21, 25, 25, 28, 31, 38, 40, 40, 45, 45, 35, 25], [8, 11, 12, 14, 18, 21, 21, 21, 25, 25, 28, 31, 38, 40, 40, 45, 45, 35, 25]]
	[[8, 11, 12, 14, 18, 21, 21, 21, 25, 25, 28, 31, 38, 40, 40, 45, 45, 35, 25], [8, 11, 12, 14, 18, 21, 21, 21, 25, 25, 28, 31, 38, 40, 40, 45, 45, 35, 25], [8, 11, 12, 14, 18, 21, 21, 21, 25, 25, 28, 31, 38, 40, 40, 45, 45, 35, 25], [8, 11, 12, 14, 18, 21, 21, 21, 25, 25, 28, 31, 38, 40, 40, 45, 45, 35, 25], [8, 11, 12, 14, 18, 21, 21, 21, 25, 25, 28, 31, 38, 40, 40, 45, 45, 35, 25], [8, 11, 12, 14, 18, 21, 21, 21, 25, 25, 28, 31, 38, 40, 40, 45, 45, 35, 25]]
	[[8, 11, 12, 14, 18, 21, 21, 21, 25, 25, 28, 31, 38, 40, 40, 45, 45, 35, 25], [8, 11, 12, 14, 18, 21, 21, 21, 25, 25, 28, 31, 38, 40, 40, 45, 45, 35, 25], [8, 11, 12, 14, 18, 21, 21, 21, 25, 25, 28, 31, 38, 40, 40, 45, 45, 35, 25], [8, 11, 12, 14, 18, 21, 21, 21, 25, 25, 28, 31, 38, 40, 40, 45, 45, 35, 25], [8, 11, 12, 14, 18, 21, 21, 21, 25, 25, 28, 31, 38, 40, 40, 45, 45, 35, 25], [8, 11, 12, 14, 18, 21, 21, 21, 25, 25, 28, 31, 38, 40, 40, 45, 45, 35, 25]]
	[[8, 11, 12, 14, 18, 21, 21, 21, 25, 25, 28, 31, 38, 40, 40, 45, 45, 35, 25], [8, 11, 12, 14, 18, 21, 21, 21, 25, 25, 28, 31, 38, 40, 40, 45, 45, 35, 25], [8, 11, 12, 14, 18, 21, 21, 21, 25, 25, 28, 31, 38, 40, 40, 45, 45, 35, 25], [8, 11, 12, 14, 18, 21, 21, 21, 25, 25, 28, 31, 38, 40, 40, 45, 45, 35, 25], [8, 11, 12, 14, 18, 21, 21, 21, 25, 25, 28, 31, 38, 40, 40, 45, 45, 35, 25], [8, 11, 12, 14, 18, 21, 21, 21, 25, 25, 28, 31, 38, 40, 40, 45, 45, 35, 25]]
	[[8, 11, 12, 14, 18, 21, 21, 21, 25, 25, 28, 31, 38, 40, 40, 45, 45, 35, 25], [8, 11, 12, 14, 18, 21, 21, 21, 25, 25, 28, 31, 38, 40, 40, 45, 45, 35, 25], [8, 11, 12, 14, 18, 21, 21, 21, 25, 25, 28, 31, 38, 40, 40, 45, 45, 35, 25], [8, 11, 12, 14, 18, 21, 21, 21, 25, 25, 28, 31, 38, 40, 40, 45, 45, 35, 25], [8, 11, 12, 14, 18, 21, 21, 21, 25, 25, 28, 31, 38, 40, 40, 45, 45, 35, 25], [8, 11, 12, 14, 18, 21, 21, 21, 25, 25, 28, 31, 38, 40, 40, 45, 45, 35, 25]]
	[[8, 11, 12, 14, 18, 21, 21, 21, 25, 25, 28, 31, 38, 40, 40, 45, 45, 35, 25], [8, 11, 12, 14, 18, 21, 21, 21, 25, 25, 28, 31, 38, 40, 40, 45, 45, 35, 25], [8, 11, 12, 14, 18, 21, 21, 21, 25, 25, 28, 31, 38, 40, 40, 45, 45, 35, 25], [8, 11, 12, 14, 18, 21, 21, 21, 25, 25, 28, 31, 38, 40, 40, 45, 45, 35, 25], [8, 11, 12, 14, 18, 21, 21, 21, 25, 25, 28, 31, 38, 40, 40, 45, 45, 35, 25], [8, 11, 12, 14, 18, 21, 21, 21, 25, 25, 28, 31, 38, 40, 40, 45, 45, 35, 25]]
}
2023-01-04 16:53:09.937880;{0: [8, 11, 12, 14, 18, 21, 21, 21, 25, 25, 28, 31, 38, 40, 40, 45, 45, 35, 25], 1: [8, 11, 12, 14, 18, 21, 21, 21, 25, 25, 28, 31, 38, 40, 40, 45, 45, 35, 25], 2: [8, 11, 12, 14, 18, 21, 21, 21, 25, 25, 28, 31, 38, 40, 40, 45, 45, 35, 25], 3: [8, 11, 12, 14, 18, 21, 21, 21, 25, 25, 28, 31, 38, 40, 40, 45, 45, 35, 25], 4: [8, 11, 12, 14, 18, 21, 21, 21, 25, 25, 28, 31, 38, 40, 40, 45, 45, 35, 25], 5: [8, 11, 12, 14, 18, 21, 21, 21, 25, 25, 28, 31, 38, 40, 40, 45, 45, 35, 25]}
{
	[[8, 11, 12, 14, 18, 21, 21, 21, 25, 25, 28, 31, 38, 40, 40, 45, 45, 35, 25], [8, 11, 12, 14, 18, 21, 21, 21, 25, 25, 28, 31, 38, 40, 40, 45, 45, 35, 25], [8, 11, 12, 14, 18, 21, 21, 21, 25, 25, 28, 31, 38, 40, 40, 45, 45, 35, 25], [8, 11, 12, 14, 18, 21, 21, 21, 25, 25, 28, 31, 38, 40, 40, 45, 45, 35, 25], [8, 11, 12, 14, 18, 21, 21, 21, 25, 25, 28, 31, 38, 40, 40, 45, 45, 35, 25], [8, 11, 12, 14, 18, 21, 21, 21, 25, 25, 28, 31, 38, 40, 40, 45, 45, 35, 25]]
	[[8, 11, 12, 14, 18, 21, 21, 21, 25, 25, 28, 31, 38, 40, 40, 45, 45, 35, 25], [8, 11, 12, 14, 18, 21, 21, 21, 25, 25, 28, 31, 38, 40, 40, 45, 45, 35, 25], [8, 11, 12, 14, 18, 21, 21, 21, 25, 25, 28, 31, 38, 40, 40, 45, 45, 35, 25], [8, 11, 12, 14, 18, 21, 21, 21, 25, 25, 28, 31, 38, 40, 40, 45, 45, 35, 25], [8, 11, 12, 14, 18, 21, 21, 21, 25, 25, 28, 31, 38, 40, 40, 45, 45, 35, 25], [8, 11, 12, 14, 18, 21, 21, 21, 25, 25, 28, 31, 38, 40, 40, 45, 45, 35, 25]]
	[[8, 11, 12, 14, 18, 21, 21, 21, 25, 25, 28, 31, 38, 40, 40, 45, 45, 35, 25], [8, 11, 12, 14, 18, 21, 21, 21, 25, 25, 28, 31, 38, 40, 40, 45, 45, 35, 25], [8, 11, 12, 14, 18, 21, 21, 21, 25, 25, 28, 31, 38, 40, 40, 45, 45, 35, 25], [8, 11, 12, 14, 18, 21, 21, 21, 25, 25, 28, 31, 38, 40, 40, 45, 45, 35, 25], [8, 11, 12, 14, 18, 21, 21, 21, 25, 25, 28, 31, 38, 40, 40, 45, 45, 35, 25], [8, 11, 12, 14, 18, 21, 21, 21, 25, 25, 28, 31, 38, 40, 40, 45, 45, 35, 25]]
	[[8, 11, 12, 14, 18, 21, 21, 21, 25, 25, 28, 31, 38, 40, 40, 45, 45, 35, 25], [8, 11, 12, 14, 18, 21, 21, 21, 25, 25, 28, 31, 38, 40, 40, 45, 45, 35, 25], [8, 11, 12, 14, 18, 21, 21, 21, 25, 25, 28, 31, 38, 40, 40, 45, 45, 35, 25], [8, 11, 12, 14, 18, 21, 21, 21, 25, 25, 28, 31, 38, 40, 40, 45, 45, 35, 25], [8, 11, 12, 14, 18, 21, 21, 21, 25, 25, 28, 31, 38, 40, 40, 45, 45, 35, 25], [8, 11, 12, 14, 18, 21, 21, 21, 25, 25, 28, 31, 38, 40, 40, 45, 45, 35, 25]]
	[[8, 11, 12, 14, 18, 21, 21, 21, 25, 25, 28, 31, 38, 40, 40, 45, 45, 35, 25], [8, 11, 12, 14, 18, 21, 21, 21, 25, 25, 28, 31, 38, 40, 40, 45, 45, 35, 25], [8, 11, 12, 14, 18, 21, 21, 21, 25, 25, 28, 31, 38, 40, 40, 45, 45, 35, 25], [8, 11, 12, 14, 18, 21, 21, 21, 25, 25, 28, 31, 38, 40, 40, 45, 45, 35, 25], [8, 11, 12, 14, 18, 21, 21, 21, 25, 25, 28, 31, 38, 40, 40, 45, 45, 35, 25], [8, 11, 12, 14, 18, 21, 21, 21, 25, 25, 28, 31, 38, 40, 40, 45, 45, 35, 25]]
	[[8, 11, 12, 14, 18, 21, 21, 21, 25, 25, 28, 31, 38, 40, 40, 45, 45, 35, 25], [8, 11, 12, 14, 18, 21, 21, 21, 25, 25, 28, 31, 38, 40, 40, 45, 45, 35, 25], [8, 11, 12, 14, 18, 21, 21, 21, 25, 25, 28, 31, 38, 40, 40, 45, 45, 35, 25], [8, 11, 12, 14, 18, 21, 21, 21, 25, 25, 28, 31, 38, 40, 40, 45, 45, 35, 25], [8, 11, 12, 14, 18, 21, 21, 21, 25, 25, 28, 31, 38, 40, 40, 45, 45, 35, 25], [8, 11, 12, 14, 18, 21, 21, 21, 25, 25, 28, 31, 38, 40, 40, 45, 45, 35, 25]]
}
2023-01-04 16:53:25.430932;{0: [8, 11, 12, 14, 18, 21, 21, 21, 25, 25, 28, 31, 38, 40, 40, 45, 45, 35, 25], 1: [8, 11, 12, 14, 18, 21, 21, 21, 25, 25, 28, 31, 38, 40, 40, 45, 45, 35, 25], 2: [8, 11, 12, 14, 18, 21, 21, 21, 25, 25, 28, 31, 38, 40, 40, 45, 45, 35, 25], 3: [8, 11, 12, 14, 18, 21, 21, 21, 25, 25, 28, 31, 38, 40, 40, 45, 45, 35, 25], 4: [8, 11, 12, 14, 18, 21, 21, 21, 25, 25, 28, 31, 38, 40, 40, 45, 45, 35, 25], 5: [8, 11, 12, 14, 18, 21, 21, 21, 25, 25, 28, 31, 38, 40, 40, 45, 45, 35, 25]}
{
	[[8, 11, 12, 14, 18, 21, 21, 21, 25, 25, 28, 31, 38, 40, 40, 45, 45, 35, 25], [8, 11, 12, 14, 18, 21, 21, 21, 25, 25, 28, 31, 38, 40, 40, 45, 45, 35, 25], [8, 11, 12, 14, 18, 21, 21, 21, 25, 25, 28, 31, 38, 40, 40, 45, 45, 35, 25], [8, 11, 12, 14, 18, 21, 21, 21, 25, 25, 28, 31, 38, 40, 40, 45, 45, 35, 25], [8, 11, 12, 14, 18, 21, 21, 21, 25, 25, 28, 31, 38, 40, 40, 45, 45, 35, 25], [8, 11, 12, 14, 18, 21, 21, 21, 25, 25, 28, 31, 38, 40, 40, 45, 45, 35, 25]]
	[[8, 11, 12, 14, 18, 21, 21, 21, 25, 25, 28, 31, 38, 40, 40, 45, 45, 35, 25], [8, 11, 12, 14, 18, 21, 21, 21, 25, 25, 28, 31, 38, 40, 40, 45, 45, 35, 25], [8, 11, 12, 14, 18, 21, 21, 21, 25, 25, 28, 31, 38, 40, 40, 45, 45, 35, 25], [8, 11, 12, 14, 18, 21, 21, 21, 25, 25, 28, 31, 38, 40, 40, 45, 45, 35, 25], [8, 11, 12, 14, 18, 21, 21, 21, 25, 25, 28, 31, 38, 40, 40, 45, 45, 35, 25], [8, 11, 12, 14, 18, 21, 21, 21, 25, 25, 28, 31, 38, 40, 40, 45, 45, 35, 25]]
	[[8, 11, 12, 14, 18, 21, 21, 21, 25, 25, 28, 31, 38, 40, 40, 45, 45, 35, 25], [8, 11, 12, 14, 18, 21, 21, 21, 25, 25, 28, 31, 38, 40, 40, 45, 45, 35, 25], [8, 11, 12, 14, 18, 21, 21, 21, 25, 25, 28, 31, 38, 40, 40, 45, 45, 35, 25], [8, 11, 12, 14, 18, 21, 21, 21, 25, 25, 28, 31, 38, 40, 40, 45, 45, 35, 25], [8, 11, 12, 14, 18, 21, 21, 21, 25, 25, 28, 31, 38, 40, 40, 45, 45, 35, 25], [8, 11, 12, 14, 18, 21, 21, 21, 25, 25, 28, 31, 38, 40, 40, 45, 45, 35, 25]]
	[[8, 11, 12, 14, 18, 21, 21, 21, 25, 25, 28, 31, 38, 40, 40, 45, 45, 35, 25], [8, 11, 12, 14, 18, 21, 21, 21, 25, 25, 28, 31, 38, 40, 40, 45, 45, 35, 25], [8, 11, 12, 14, 18, 21, 21, 21, 25, 25, 28, 31, 38, 40, 40, 45, 45, 35, 25], [8, 11, 12, 14, 18, 21, 21, 21, 25, 25, 28, 31, 38, 40, 40, 45, 45, 35, 25], [8, 11, 12, 14, 18, 21, 21, 21, 25, 25, 28, 31, 38, 40, 40, 45, 45, 35, 25], [8, 11, 12, 14, 18, 21, 21, 21, 25, 25, 28, 31, 38, 40, 40, 45, 45, 35, 25]]
	[[8, 11, 12, 14, 18, 21, 21, 21, 25, 25, 28, 31, 38, 40, 40, 45, 45, 35, 25], [8, 11, 12, 14, 18, 21, 21, 21, 25, 25, 28, 31, 38, 40, 40, 45, 45, 35, 25], [8, 11, 12, 14, 18, 21, 21, 21, 25, 25, 28, 31, 38, 40, 40, 45, 45, 35, 25], [8, 11, 12, 14, 18, 21, 21, 21, 25, 25, 28, 31, 38, 40, 40, 45, 45, 35, 25], [8, 11, 12, 14, 18, 21, 21, 21, 25, 25, 28, 31, 38, 40, 40, 45, 45, 35, 25], [8, 11, 12, 14, 18, 21, 21, 21, 25, 25, 28, 31, 38, 40, 40, 45, 45, 35, 25]]
	[[8, 11, 12, 14, 18, 21, 21, 21, 25, 25, 28, 31, 38, 40, 40, 45, 45, 35, 25], [8, 11, 12, 14, 18, 21, 21, 21, 25, 25, 28, 31, 38, 40, 40, 45, 45, 35, 25], [8, 11, 12, 14, 18, 21, 21, 21, 25, 25, 28, 31, 38, 40, 40, 45, 45, 35, 25], [8, 11, 12, 14, 18, 21, 21, 21, 25, 25, 28, 31, 38, 40, 40, 45, 45, 35, 25], [8, 11, 12, 14, 18, 21, 21, 21, 25, 25, 28, 31, 38, 40, 40, 45, 45, 35, 25], [8, 11, 12, 14, 18, 21, 21, 21, 25, 25, 28, 31, 38, 40, 40, 45, 45, 35, 25]]
}
2023-01-04 16:54:48.567495;{0: [8, 11, 12, 14, 18, 21, 21, 21, 25, 25, 28, 31, 38, 40, 40, 45, 45, 35, 25], 1: [8, 11, 12, 14, 18, 21, 21, 21, 25, 25, 28, 31, 38, 40, 40, 45, 45, 35, 25], 2: [8, 11, 12, 14, 18, 21, 21, 21, 25, 25, 28, 31, 38, 40, 40, 45, 45, 35, 25], 3: [8, 11, 12, 14, 18, 21, 21, 21, 25, 25, 28, 31, 38, 40, 40, 45, 45, 35, 25], 4: [8, 11, 12, 14, 18, 21, 21, 21, 25, 25, 28, 31, 38, 40, 40, 45, 45, 35, 25], 5: [8, 11, 12, 14, 18, 21, 21, 21, 25, 25, 28, 31, 38, 40, 40, 45, 45, 35, 25]}
{
	[[8, 11, 12, 14, 18, 21, 21, 21, 25, 25, 28, 31, 38, 40, 40, 45, 45, 35, 25], [8, 11, 12, 14, 18, 21, 21, 21, 25, 25, 28, 31, 38, 40, 40, 45, 45, 35, 25], [8, 11, 12, 14, 18, 21, 21, 21, 25, 25, 28, 31, 38, 40, 40, 45, 45, 35, 25], [8, 11, 12, 14, 18, 21, 21, 21, 25, 25, 28, 31, 38, 40, 40, 45, 45, 35, 25], [8, 11, 12, 14, 18, 21, 21, 21, 25, 25, 28, 31, 38, 40, 40, 45, 45, 35, 25], [8, 11, 12, 14, 18, 21, 21, 21, 25, 25, 28, 31, 38, 40, 40, 45, 45, 35, 25]]
	[[8, 11, 12, 14, 18, 21, 21, 21, 25, 25, 28, 31, 38, 40, 40, 45, 45, 35, 25], [8, 11, 12, 14, 18, 21, 21, 21, 25, 25, 28, 31, 38, 40, 40, 45, 45, 35, 25], [8, 11, 12, 14, 18, 21, 21, 21, 25, 25, 28, 31, 38, 40, 40, 45, 45, 35, 25], [8, 11, 12, 14, 18, 21, 21, 21, 25, 25, 28, 31, 38, 40, 40, 45, 45, 35, 25], [8, 11, 12, 14, 18, 21, 21, 21, 25, 25, 28, 31, 38, 40, 40, 45, 45, 35, 25], [8, 11, 12, 14, 18, 21, 21, 21, 25, 25, 28, 31, 38, 40, 40, 45, 45, 35, 25]]
	[[8, 11, 12, 14, 18, 21, 21, 21, 25, 25, 28, 31, 38, 40, 40, 45, 45, 35, 25], [8, 11, 12, 14, 18, 21, 21, 21, 25, 25, 28, 31, 38, 40, 40, 45, 45, 35, 25], [8, 11, 12, 14, 18, 21, 21, 21, 25, 25, 28, 31, 38, 40, 40, 45, 45, 35, 25], [8, 11, 12, 14, 18, 21, 21, 21, 25, 25, 28, 31, 38, 40, 40, 45, 45, 35, 25], [8, 11, 12, 14, 18, 21, 21, 21, 25, 25, 28, 31, 38, 40, 40, 45, 45, 35, 25], [8, 11, 12, 14, 18, 21, 21, 21, 25, 25, 28, 31, 38, 40, 40, 45, 45, 35, 25]]
	[[8, 11, 12, 14, 18, 21, 21, 21, 25, 25, 28, 31, 38, 40, 40, 45, 45, 35, 25], [8, 11, 12, 14, 18, 21, 21, 21, 25, 25, 28, 31, 38, 40, 40, 45, 45, 35, 25], [8, 11, 12, 14, 18, 21, 21, 21, 25, 25, 28, 31, 38, 40, 40, 45, 45, 35, 25], [8, 11, 12, 14, 18, 21, 21, 21, 25, 25, 28, 31, 38, 40, 40, 45, 45, 35, 25], [8, 11, 12, 14, 18, 21, 21, 21, 25, 25, 28, 31, 38, 40, 40, 45, 45, 35, 25], [8, 11, 12, 14, 18, 21, 21, 21, 25, 25, 28, 31, 38, 40, 40, 45, 45, 35, 25]]
	[[8, 11, 12, 14, 18, 21, 21, 21, 25, 25, 28, 31, 38, 40, 40, 45, 45, 35, 25], [8, 11, 12, 14, 18, 21, 21, 21, 25, 25, 28, 31, 38, 40, 40, 45, 45, 35, 25], [8, 11, 12, 14, 18, 21, 21, 21, 25, 25, 28, 31, 38, 40, 40, 45, 45, 35, 25], [8, 11, 12, 14, 18, 21, 21, 21, 25, 25, 28, 31, 38, 40, 40, 45, 45, 35, 25], [8, 11, 12, 14, 18, 21, 21, 21, 25, 25, 28, 31, 38, 40, 40, 45, 45, 35, 25], [8, 11, 12, 14, 18, 21, 21, 21, 25, 25, 28, 31, 38, 40, 40, 45, 45, 35, 25]]
	[[8, 11, 12, 14, 18, 21, 21, 21, 25, 25, 28, 31, 38, 40, 40, 45, 45, 35, 25], [8, 11, 12, 14, 18, 21, 21, 21, 25, 25, 28, 31, 38, 40, 40, 45, 45, 35, 25], [8, 11, 12, 14, 18, 21, 21, 21, 25, 25, 28, 31, 38, 40, 40, 45, 45, 35, 25], [8, 11, 12, 14, 18, 21, 21, 21, 25, 25, 28, 31, 38, 40, 40, 45, 45, 35, 25], [8, 11, 12, 14, 18, 21, 21, 21, 25, 25, 28, 31, 38, 40, 40, 45, 45, 35, 25], [8, 11, 12, 14, 18, 21, 21, 21, 25, 25, 28, 31, 38, 40, 40, 45, 45, 35, 25]]
}
2023-01-04 16:55:19.344598;{0: [8, 11, 12, 14, 18, 21, 21, 21, 25, 25, 28, 31, 38, 40, 40, 45, 45, 35, 25], 1: [8, 11, 12, 14, 18, 21, 21, 21, 25, 25, 28, 31, 38, 40, 40, 45, 45, 35, 25], 2: [8, 11, 12, 14, 18, 21, 21, 21, 25, 25, 28, 31, 38, 40, 40, 45, 45, 35, 25], 3: [8, 11, 12, 14, 18, 21, 21, 21, 25, 25, 28, 31, 38, 40, 40, 45, 45, 35, 25], 4: [8, 11, 12, 14, 18, 21, 21, 21, 25, 25, 28, 31, 38, 40, 40, 45, 45, 35, 25], 5: [8, 11, 12, 14, 18, 21, 21, 21, 25, 25, 28, 31, 38, 40, 40, 45, 45, 35, 25]}
{
	[[8, 11, 12, 14, 18, 21, 21, 21, 25, 25, 28, 31, 38, 40, 40, 45, 45, 35, 25], [8, 11, 12, 14, 18, 21, 21, 21, 25, 25, 28, 31, 38, 40, 40, 45, 45, 35, 25], [8, 11, 12, 14, 18, 21, 21, 21, 25, 25, 28, 31, 38, 40, 40, 45, 45, 35, 25], [8, 11, 12, 14, 18, 21, 21, 21, 25, 25, 28, 31, 38, 40, 40, 45, 45, 35, 25], [8, 11, 12, 14, 18, 21, 21, 21, 25, 25, 28, 31, 38, 40, 40, 45, 45, 35, 25], [8, 11, 12, 14, 18, 21, 21, 21, 25, 25, 28, 31, 38, 40, 40, 45, 45, 35, 25]]
	[[8, 11, 12, 14, 18, 21, 21, 21, 25, 25, 28, 31, 38, 40, 40, 45, 45, 35, 25], [8, 11, 12, 14, 18, 21, 21, 21, 25, 25, 28, 31, 38, 40, 40, 45, 45, 35, 25], [8, 11, 12, 14, 18, 21, 21, 21, 25, 25, 28, 31, 38, 40, 40, 45, 45, 35, 25], [8, 11, 12, 14, 18, 21, 21, 21, 25, 25, 28, 31, 38, 40, 40, 45, 45, 35, 25], [8, 11, 12, 14, 18, 21, 21, 21, 25, 25, 28, 31, 38, 40, 40, 45, 45, 35, 25], [8, 11, 12, 14, 18, 21, 21, 21, 25, 25, 28, 31, 38, 40, 40, 45, 45, 35, 25]]
	[[8, 11, 12, 14, 18, 21, 21, 21, 25, 25, 28, 31, 38, 40, 40, 45, 45, 35, 25], [8, 11, 12, 14, 18, 21, 21, 21, 25, 25, 28, 31, 38, 40, 40, 45, 45, 35, 25], [8, 11, 12, 14, 18, 21, 21, 21, 25, 25, 28, 31, 38, 40, 40, 45, 45, 35, 25], [8, 11, 12, 14, 18, 21, 21, 21, 25, 25, 28, 31, 38, 40, 40, 45, 45, 35, 25], [8, 11, 12, 14, 18, 21, 21, 21, 25, 25, 28, 31, 38, 40, 40, 45, 45, 35, 25], [8, 11, 12, 14, 18, 21, 21, 21, 25, 25, 28, 31, 38, 40, 40, 45, 45, 35, 25]]
	[[8, 11, 12, 14, 18, 21, 21, 21, 25, 25, 28, 31, 38, 40, 40, 45, 45, 35, 25], [8, 11, 12, 14, 18, 21, 21, 21, 25, 25, 28, 31, 38, 40, 40, 45, 45, 35, 25], [8, 11, 12, 14, 18, 21, 21, 21, 25, 25, 28, 31, 38, 40, 40, 45, 45, 35, 25], [8, 11, 12, 14, 18, 21, 21, 21, 25, 25, 28, 31, 38, 40, 40, 45, 45, 35, 25], [8, 11, 12, 14, 18, 21, 21, 21, 25, 25, 28, 31, 38, 40, 40, 45, 45, 35, 25], [8, 11, 12, 14, 18, 21, 21, 21, 25, 25, 28, 31, 38, 40, 40, 45, 45, 35, 25]]
	[[8, 11, 12, 14, 18, 21, 21, 21, 25, 25, 28, 31, 38, 40, 40, 45, 45, 35, 25], [8, 11, 12, 14, 18, 21, 21, 21, 25, 25, 28, 31, 38, 40, 40, 45, 45, 35, 25], [8, 11, 12, 14, 18, 21, 21, 21, 25, 25, 28, 31, 38, 40, 40, 45, 45, 35, 25], [8, 11, 12, 14, 18, 21, 21, 21, 25, 25, 28, 31, 38, 40, 40, 45, 45, 35, 25], [8, 11, 12, 14, 18, 21, 21, 21, 25, 25, 28, 31, 38, 40, 40, 45, 45, 35, 25], [8, 11, 12, 14, 18, 21, 21, 21, 25, 25, 28, 31, 38, 40, 40, 45, 45, 35, 25]]
	[[8, 11, 12, 14, 18, 21, 21, 21, 25, 25, 28, 31, 38, 40, 40, 45, 45, 35, 25], [8, 11, 12, 14, 18, 21, 21, 21, 25, 25, 28, 31, 38, 40, 40, 45, 45, 35, 25], [8, 11, 12, 14, 18, 21, 21, 21, 25, 25, 28, 31, 38, 40, 40, 45, 45, 35, 25], [8, 11, 12, 14, 18, 21, 21, 21, 25, 25, 28, 31, 38, 40, 40, 45, 45, 35, 25], [8, 11, 12, 14, 18, 21, 21, 21, 25, 25, 28, 31, 38, 40, 40, 45, 45, 35, 25], [8, 11, 12, 14, 18, 21, 21, 21, 25, 25, 28, 31, 38, 40, 40, 45, 45, 35, 25]]
}
2023-01-04 16:55:38.718960;{0: [8, 11, 12, 14, 18, 21, 21, 21, 25, 25, 28, 31, 38, 40, 40, 45, 45, 35, 25], 1: [8, 11, 12, 14, 18, 21, 21, 21, 25, 25, 28, 31, 38, 40, 40, 45, 45, 35, 25], 2: [8, 11, 12, 14, 18, 21, 21, 21, 25, 25, 28, 31, 38, 40, 40, 45, 45, 35, 25], 3: [8, 11, 12, 14, 18, 21, 21, 21, 25, 25, 28, 31, 38, 40, 40, 45, 45, 35, 25], 4: [8, 11, 12, 14, 18, 21, 21, 21, 25, 25, 28, 31, 38, 40, 40, 45, 45, 35, 25], 5: [8, 11, 12, 14, 18, 21, 21, 21, 25, 25, 28, 31, 38, 40, 40, 45, 45, 35, 25]}
{
	[[8, 11, 12, 14, 18, 21, 21, 21, 25, 25, 28, 31, 38, 40, 40, 45, 45, 35, 25], [8, 11, 12, 14, 18, 21, 21, 21, 25, 25, 28, 31, 38, 40, 40, 45, 45, 35, 25], [8, 11, 12, 14, 18, 21, 21, 21, 25, 25, 28, 31, 38, 40, 40, 45, 45, 35, 25], [8, 11, 12, 14, 18, 21, 21, 21, 25, 25, 28, 31, 38, 40, 40, 45, 45, 35, 25], [8, 11, 12, 14, 18, 21, 21, 21, 25, 25, 28, 31, 38, 40, 40, 45, 45, 35, 25], [8, 11, 12, 14, 18, 21, 21, 21, 25, 25, 28, 31, 38, 40, 40, 45, 45, 35, 25]]
	[[8, 11, 12, 14, 18, 21, 21, 21, 25, 25, 28, 31, 38, 40, 40, 45, 45, 35, 25], [8, 11, 12, 14, 18, 21, 21, 21, 25, 25, 28, 31, 38, 40, 40, 45, 45, 35, 25], [8, 11, 12, 14, 18, 21, 21, 21, 25, 25, 28, 31, 38, 40, 40, 45, 45, 35, 25], [8, 11, 12, 14, 18, 21, 21, 21, 25, 25, 28, 31, 38, 40, 40, 45, 45, 35, 25], [8, 11, 12, 14, 18, 21, 21, 21, 25, 25, 28, 31, 38, 40, 40, 45, 45, 35, 25], [8, 11, 12, 14, 18, 21, 21, 21, 25, 25, 28, 31, 38, 40, 40, 45, 45, 35, 25]]
	[[8, 11, 12, 14, 18, 21, 21, 21, 25, 25, 28, 31, 38, 40, 40, 45, 45, 35, 25], [8, 11, 12, 14, 18, 21, 21, 21, 25, 25, 28, 31, 38, 40, 40, 45, 45, 35, 25], [8, 11, 12, 14, 18, 21, 21, 21, 25, 25, 28, 31, 38, 40, 40, 45, 45, 35, 25], [8, 11, 12, 14, 18, 21, 21, 21, 25, 25, 28, 31, 38, 40, 40, 45, 45, 35, 25], [8, 11, 12, 14, 18, 21, 21, 21, 25, 25, 28, 31, 38, 40, 40, 45, 45, 35, 25], [8, 11, 12, 14, 18, 21, 21, 21, 25, 25, 28, 31, 38, 40, 40, 45, 45, 35, 25]]
	[[8, 11, 12, 14, 18, 21, 21, 21, 25, 25, 28, 31, 38, 40, 40, 45, 45, 35, 25], [8, 11, 12, 14, 18, 21, 21, 21, 25, 25, 28, 31, 38, 40, 40, 45, 45, 35, 25], [8, 11, 12, 14, 18, 21, 21, 21, 25, 25, 28, 31, 38, 40, 40, 45, 45, 35, 25], [8, 11, 12, 14, 18, 21, 21, 21, 25, 25, 28, 31, 38, 40, 40, 45, 45, 35, 25], [8, 11, 12, 14, 18, 21, 21, 21, 25, 25, 28, 31, 38, 40, 40, 45, 45, 35, 25], [8, 11, 12, 14, 18, 21, 21, 21, 25, 25, 28, 31, 38, 40, 40, 45, 45, 35, 25]]
	[[8, 11, 12, 14, 18, 21, 21, 21, 25, 25, 28, 31, 38, 40, 40, 45, 45, 35, 25], [8, 11, 12, 14, 18, 21, 21, 21, 25, 25, 28, 31, 38, 40, 40, 45, 45, 35, 25], [8, 11, 12, 14, 18, 21, 21, 21, 25, 25, 28, 31, 38, 40, 40, 45, 45, 35, 25], [8, 11, 12, 14, 18, 21, 21, 21, 25, 25, 28, 31, 38, 40, 40, 45, 45, 35, 25], [8, 11, 12, 14, 18, 21, 21, 21, 25, 25, 28, 31, 38, 40, 40, 45, 45, 35, 25], [8, 11, 12, 14, 18, 21, 21, 21, 25, 25, 28, 31, 38, 40, 40, 45, 45, 35, 25]]
	[[8, 11, 12, 14, 18, 21, 21, 21, 25, 25, 28, 31, 38, 40, 40, 45, 45, 35, 25], [8, 11, 12, 14, 18, 21, 21, 21, 25, 25, 28, 31, 38, 40, 40, 45, 45, 35, 25], [8, 11, 12, 14, 18, 21, 21, 21, 25, 25, 28, 31, 38, 40, 40, 45, 45, 35, 25], [8, 11, 12, 14, 18, 21, 21, 21, 25, 25, 28, 31, 38, 40, 40, 45, 45, 35, 25], [8, 11, 12, 14, 18, 21, 21, 21, 25, 25, 28, 31, 38, 40, 40, 45, 45, 35, 25], [8, 11, 12, 14, 18, 21, 21, 21, 25, 25, 28, 31, 38, 40, 40, 45, 45, 35, 25]]
}
2023-01-04 16:55:56.967045;{0: [8, 11, 12, 14, 18, 21, 21, 21, 25, 25, 28, 31, 38, 40, 40, 45, 45, 35, 25], 1: [8, 11, 12, 14, 18, 21, 21, 21, 25, 25, 28, 31, 38, 40, 40, 45, 45, 35, 25], 2: [8, 11, 12, 14, 18, 21, 21, 21, 25, 25, 28, 31, 38, 40, 40, 45, 45, 35, 25], 3: [8, 11, 12, 14, 18, 21, 21, 21, 25, 25, 28, 31, 38, 40, 40, 45, 45, 35, 25], 4: [8, 11, 12, 14, 18, 21, 21, 21, 25, 25, 28, 31, 38, 40, 40, 45, 45, 35, 25], 5: [8, 11, 12, 14, 18, 21, 21, 21, 25, 25, 28, 31, 38, 40, 40, 45, 45, 35, 25]}
{
	[[8, 11, 12, 14, 18, 21, 21, 21, 25, 25, 28, 31, 38, 40, 40, 45, 45, 35, 25], [8, 11, 12, 14, 18, 21, 21, 21, 25, 25, 28, 31, 38, 40, 40, 45, 45, 35, 25], [8, 11, 12, 14, 18, 21, 21, 21, 25, 25, 28, 31, 38, 40, 40, 45, 45, 35, 25], [8, 11, 12, 14, 18, 21, 21, 21, 25, 25, 28, 31, 38, 40, 40, 45, 45, 35, 25], [8, 11, 12, 14, 18, 21, 21, 21, 25, 25, 28, 31, 38, 40, 40, 45, 45, 35, 25], [8, 11, 12, 14, 18, 21, 21, 21, 25, 25, 28, 31, 38, 40, 40, 45, 45, 35, 25]]
	[[8, 11, 12, 14, 18, 21, 21, 21, 25, 25, 28, 31, 38, 40, 40, 45, 45, 35, 25], [8, 11, 12, 14, 18, 21, 21, 21, 25, 25, 28, 31, 38, 40, 40, 45, 45, 35, 25], [8, 11, 12, 14, 18, 21, 21, 21, 25, 25, 28, 31, 38, 40, 40, 45, 45, 35, 25], [8, 11, 12, 14, 18, 21, 21, 21, 25, 25, 28, 31, 38, 40, 40, 45, 45, 35, 25], [8, 11, 12, 14, 18, 21, 21, 21, 25, 25, 28, 31, 38, 40, 40, 45, 45, 35, 25], [8, 11, 12, 14, 18, 21, 21, 21, 25, 25, 28, 31, 38, 40, 40, 45, 45, 35, 25]]
	[[8, 11, 12, 14, 18, 21, 21, 21, 25, 25, 28, 31, 38, 40, 40, 45, 45, 35, 25], [8, 11, 12, 14, 18, 21, 21, 21, 25, 25, 28, 31, 38, 40, 40, 45, 45, 35, 25], [8, 11, 12, 14, 18, 21, 21, 21, 25, 25, 28, 31, 38, 40, 40, 45, 45, 35, 25], [8, 11, 12, 14, 18, 21, 21, 21, 25, 25, 28, 31, 38, 40, 40, 45, 45, 35, 25], [8, 11, 12, 14, 18, 21, 21, 21, 25, 25, 28, 31, 38, 40, 40, 45, 45, 35, 25], [8, 11, 12, 14, 18, 21, 21, 21, 25, 25, 28, 31, 38, 40, 40, 45, 45, 35, 25]]
	[[8, 11, 12, 14, 18, 21, 21, 21, 25, 25, 28, 31, 38, 40, 40, 45, 45, 35, 25], [8, 11, 12, 14, 18, 21, 21, 21, 25, 25, 28, 31, 38, 40, 40, 45, 45, 35, 25], [8, 11, 12, 14, 18, 21, 21, 21, 25, 25, 28, 31, 38, 40, 40, 45, 45, 35, 25], [8, 11, 12, 14, 18, 21, 21, 21, 25, 25, 28, 31, 38, 40, 40, 45, 45, 35, 25], [8, 11, 12, 14, 18, 21, 21, 21, 25, 25, 28, 31, 38, 40, 40, 45, 45, 35, 25], [8, 11, 12, 14, 18, 21, 21, 21, 25, 25, 28, 31, 38, 40, 40, 45, 45, 35, 25]]
	[[8, 11, 12, 14, 18, 21, 21, 21, 25, 25, 28, 31, 38, 40, 40, 45, 45, 35, 25], [8, 11, 12, 14, 18, 21, 21, 21, 25, 25, 28, 31, 38, 40, 40, 45, 45, 35, 25], [8, 11, 12, 14, 18, 21, 21, 21, 25, 25, 28, 31, 38, 40, 40, 45, 45, 35, 25], [8, 11, 12, 14, 18, 21, 21, 21, 25, 25, 28, 31, 38, 40, 40, 45, 45, 35, 25], [8, 11, 12, 14, 18, 21, 21, 21, 25, 25, 28, 31, 38, 40, 40, 45, 45, 35, 25], [8, 11, 12, 14, 18, 21, 21, 21, 25, 25, 28, 31, 38, 40, 40, 45, 45, 35, 25]]
	[[8, 11, 12, 14, 18, 21, 21, 21, 25, 25, 28, 31, 38, 40, 40, 45, 45, 35, 25], [8, 11, 12, 14, 18, 21, 21, 21, 25, 25, 28, 31, 38, 40, 40, 45, 45, 35, 25], [8, 11, 12, 14, 18, 21, 21, 21, 25, 25, 28, 31, 38, 40, 40, 45, 45, 35, 25], [8, 11, 12, 14, 18, 21, 21, 21, 25, 25, 28, 31, 38, 40, 40, 45, 45, 35, 25], [8, 11, 12, 14, 18, 21, 21, 21, 25, 25, 28, 31, 38, 40, 40, 45, 45, 35, 25], [8, 11, 12, 14, 18, 21, 21, 21, 25, 25, 28, 31, 38, 40, 40, 45, 45, 35, 25]]
}
2023-01-04 16:56:03.771527;{0: [8, 11, 12, 14, 18, 21, 21, 21, 25, 25, 28, 31, 38, 40, 40, 45, 45, 35, 25], 1: [8, 11, 12, 14, 18, 21, 21, 21, 25, 25, 28, 31, 38, 40, 40, 45, 45, 35, 25], 2: [8, 11, 12, 14, 18, 21, 21, 21, 25, 25, 28, 31, 38, 40, 40, 45, 45, 35, 25], 3: [8, 11, 12, 14, 18, 21, 21, 21, 25, 25, 28, 31, 38, 40, 40, 45, 45, 35, 25], 4: [8, 11, 12, 14, 18, 21, 21, 21, 25, 25, 28, 31, 38, 40, 40, 45, 45, 35, 25], 5: [8, 11, 12, 14, 18, 21, 21, 21, 25, 25, 28, 31, 38, 40, 40, 45, 45, 35, 25]}
{
	[[8, 11, 12, 14, 18, 21, 21, 21, 25, 25, 28, 31, 38, 40, 40, 45, 45, 35, 25], [8, 11, 12, 14, 18, 21, 21, 21, 25, 25, 28, 31, 38, 40, 40, 45, 45, 35, 25], [8, 11, 12, 14, 18, 21, 21, 21, 25, 25, 28, 31, 38, 40, 40, 45, 45, 35, 25], [8, 11, 12, 14, 18, 21, 21, 21, 25, 25, 28, 31, 38, 40, 40, 45, 45, 35, 25], [8, 11, 12, 14, 18, 21, 21, 21, 25, 25, 28, 31, 38, 40, 40, 45, 45, 35, 25], [8, 11, 12, 14, 18, 21, 21, 21, 25, 25, 28, 31, 38, 40, 40, 45, 45, 35, 25]]
	[[8, 11, 12, 14, 18, 21, 21, 21, 25, 25, 28, 31, 38, 40, 40, 45, 45, 35, 25], [8, 11, 12, 14, 18, 21, 21, 21, 25, 25, 28, 31, 38, 40, 40, 45, 45, 35, 25], [8, 11, 12, 14, 18, 21, 21, 21, 25, 25, 28, 31, 38, 40, 40, 45, 45, 35, 25], [8, 11, 12, 14, 18, 21, 21, 21, 25, 25, 28, 31, 38, 40, 40, 45, 45, 35, 25], [8, 11, 12, 14, 18, 21, 21, 21, 25, 25, 28, 31, 38, 40, 40, 45, 45, 35, 25], [8, 11, 12, 14, 18, 21, 21, 21, 25, 25, 28, 31, 38, 40, 40, 45, 45, 35, 25]]
	[[8, 11, 12, 14, 18, 21, 21, 21, 25, 25, 28, 31, 38, 40, 40, 45, 45, 35, 25], [8, 11, 12, 14, 18, 21, 21, 21, 25, 25, 28, 31, 38, 40, 40, 45, 45, 35, 25], [8, 11, 12, 14, 18, 21, 21, 21, 25, 25, 28, 31, 38, 40, 40, 45, 45, 35, 25], [8, 11, 12, 14, 18, 21, 21, 21, 25, 25, 28, 31, 38, 40, 40, 45, 45, 35, 25], [8, 11, 12, 14, 18, 21, 21, 21, 25, 25, 28, 31, 38, 40, 40, 45, 45, 35, 25], [8, 11, 12, 14, 18, 21, 21, 21, 25, 25, 28, 31, 38, 40, 40, 45, 45, 35, 25]]
	[[8, 11, 12, 14, 18, 21, 21, 21, 25, 25, 28, 31, 38, 40, 40, 45, 45, 35, 25], [8, 11, 12, 14, 18, 21, 21, 21, 25, 25, 28, 31, 38, 40, 40, 45, 45, 35, 25], [8, 11, 12, 14, 18, 21, 21, 21, 25, 25, 28, 31, 38, 40, 40, 45, 45, 35, 25], [8, 11, 12, 14, 18, 21, 21, 21, 25, 25, 28, 31, 38, 40, 40, 45, 45, 35, 25], [8, 11, 12, 14, 18, 21, 21, 21, 25, 25, 28, 31, 38, 40, 40, 45, 45, 35, 25], [8, 11, 12, 14, 18, 21, 21, 21, 25, 25, 28, 31, 38, 40, 40, 45, 45, 35, 25]]
	[[8, 11, 12, 14, 18, 21, 21, 21, 25, 25, 28, 31, 38, 40, 40, 45, 45, 35, 25], [8, 11, 12, 14, 18, 21, 21, 21, 25, 25, 28, 31, 38, 40, 40, 45, 45, 35, 25], [8, 11, 12, 14, 18, 21, 21, 21, 25, 25, 28, 31, 38, 40, 40, 45, 45, 35, 25], [8, 11, 12, 14, 18, 21, 21, 21, 25, 25, 28, 31, 38, 40, 40, 45, 45, 35, 25], [8, 11, 12, 14, 18, 21, 21, 21, 25, 25, 28, 31, 38, 40, 40, 45, 45, 35, 25], [8, 11, 12, 14, 18, 21, 21, 21, 25, 25, 28, 31, 38, 40, 40, 45, 45, 35, 25]]
	[[8, 11, 12, 14, 18, 21, 21, 21, 25, 25, 28, 31, 38, 40, 40, 45, 45, 35, 25], [8, 11, 12, 14, 18, 21, 21, 21, 25, 25, 28, 31, 38, 40, 40, 45, 45, 35, 25], [8, 11, 12, 14, 18, 21, 21, 21, 25, 25, 28, 31, 38, 40, 40, 45, 45, 35, 25], [8, 11, 12, 14, 18, 21, 21, 21, 25, 25, 28, 31, 38, 40, 40, 45, 45, 35, 25], [8, 11, 12, 14, 18, 21, 21, 21, 25, 25, 28, 31, 38, 40, 40, 45, 45, 35, 25], [8, 11, 12, 14, 18, 21, 21, 21, 25, 25, 28, 31, 38, 40, 40, 45, 45, 35, 25]]
}
2023-01-04 16:56:12.561045;{0: [8, 11, 12, 14, 18, 21, 21, 21, 25, 25, 28, 31, 38, 40, 40, 45, 45, 35, 25], 1: [8, 11, 12, 14, 18, 21, 21, 21, 25, 25, 28, 31, 38, 40, 40, 45, 45, 35, 25], 2: [8, 11, 12, 14, 18, 21, 21, 21, 25, 25, 28, 31, 38, 40, 40, 45, 45, 35, 25], 3: [8, 11, 12, 14, 18, 21, 21, 21, 25, 25, 28, 31, 38, 40, 40, 45, 45, 35, 25], 4: [8, 11, 12, 14, 18, 21, 21, 21, 25, 25, 28, 31, 38, 40, 40, 45, 45, 35, 25], 5: [8, 11, 12, 14, 18, 21, 21, 21, 25, 25, 28, 31, 38, 40, 40, 45, 45, 35, 25]}
{
	[[8, 11, 12, 14, 18, 21, 21, 21, 25, 25, 28, 31, 38, 40, 40, 45, 45, 35, 25], [8, 11, 12, 14, 18, 21, 21, 21, 25, 25, 28, 31, 38, 40, 40, 45, 45, 35, 25], [8, 11, 12, 14, 18, 21, 21, 21, 25, 25, 28, 31, 38, 40, 40, 45, 45, 35, 25], [8, 11, 12, 14, 18, 21, 21, 21, 25, 25, 28, 31, 38, 40, 40, 45, 45, 35, 25], [8, 11, 12, 14, 18, 21, 21, 21, 25, 25, 28, 31, 38, 40, 40, 45, 45, 35, 25], [8, 11, 12, 14, 18, 21, 21, 21, 25, 25, 28, 31, 38, 40, 40, 45, 45, 35, 25]]
	[[8, 11, 12, 14, 18, 21, 21, 21, 25, 25, 28, 31, 38, 40, 40, 45, 45, 35, 25], [8, 11, 12, 14, 18, 21, 21, 21, 25, 25, 28, 31, 38, 40, 40, 45, 45, 35, 25], [8, 11, 12, 14, 18, 21, 21, 21, 25, 25, 28, 31, 38, 40, 40, 45, 45, 35, 25], [8, 11, 12, 14, 18, 21, 21, 21, 25, 25, 28, 31, 38, 40, 40, 45, 45, 35, 25], [8, 11, 12, 14, 18, 21, 21, 21, 25, 25, 28, 31, 38, 40, 40, 45, 45, 35, 25], [8, 11, 12, 14, 18, 21, 21, 21, 25, 25, 28, 31, 38, 40, 40, 45, 45, 35, 25]]
	[[8, 11, 12, 14, 18, 21, 21, 21, 25, 25, 28, 31, 38, 40, 40, 45, 45, 35, 25], [8, 11, 12, 14, 18, 21, 21, 21, 25, 25, 28, 31, 38, 40, 40, 45, 45, 35, 25], [8, 11, 12, 14, 18, 21, 21, 21, 25, 25, 28, 31, 38, 40, 40, 45, 45, 35, 25], [8, 11, 12, 14, 18, 21, 21, 21, 25, 25, 28, 31, 38, 40, 40, 45, 45, 35, 25], [8, 11, 12, 14, 18, 21, 21, 21, 25, 25, 28, 31, 38, 40, 40, 45, 45, 35, 25], [8, 11, 12, 14, 18, 21, 21, 21, 25, 25, 28, 31, 38, 40, 40, 45, 45, 35, 25]]
	[[8, 11, 12, 14, 18, 21, 21, 21, 25, 25, 28, 31, 38, 40, 40, 45, 45, 35, 25], [8, 11, 12, 14, 18, 21, 21, 21, 25, 25, 28, 31, 38, 40, 40, 45, 45, 35, 25], [8, 11, 12, 14, 18, 21, 21, 21, 25, 25, 28, 31, 38, 40, 40, 45, 45, 35, 25], [8, 11, 12, 14, 18, 21, 21, 21, 25, 25, 28, 31, 38, 40, 40, 45, 45, 35, 25], [8, 11, 12, 14, 18, 21, 21, 21, 25, 25, 28, 31, 38, 40, 40, 45, 45, 35, 25], [8, 11, 12, 14, 18, 21, 21, 21, 25, 25, 28, 31, 38, 40, 40, 45, 45, 35, 25]]
	[[8, 11, 12, 14, 18, 21, 21, 21, 25, 25, 28, 31, 38, 40, 40, 45, 45, 35, 25], [8, 11, 12, 14, 18, 21, 21, 21, 25, 25, 28, 31, 38, 40, 40, 45, 45, 35, 25], [8, 11, 12, 14, 18, 21, 21, 21, 25, 25, 28, 31, 38, 40, 40, 45, 45, 35, 25], [8, 11, 12, 14, 18, 21, 21, 21, 25, 25, 28, 31, 38, 40, 40, 45, 45, 35, 25], [8, 11, 12, 14, 18, 21, 21, 21, 25, 25, 28, 31, 38, 40, 40, 45, 45, 35, 25], [8, 11, 12, 14, 18, 21, 21, 21, 25, 25, 28, 31, 38, 40, 40, 45, 45, 35, 25]]
	[[8, 11, 12, 14, 18, 21, 21, 21, 25, 25, 28, 31, 38, 40, 40, 45, 45, 35, 25], [8, 11, 12, 14, 18, 21, 21, 21, 25, 25, 28, 31, 38, 40, 40, 45, 45, 35, 25], [8, 11, 12, 14, 18, 21, 21, 21, 25, 25, 28, 31, 38, 40, 40, 45, 45, 35, 25], [8, 11, 12, 14, 18, 21, 21, 21, 25, 25, 28, 31, 38, 40, 40, 45, 45, 35, 25], [8, 11, 12, 14, 18, 21, 21, 21, 25, 25, 28, 31, 38, 40, 40, 45, 45, 35, 25], [8, 11, 12, 14, 18, 21, 21, 21, 25, 25, 28, 31, 38, 40, 40, 45, 45, 35, 25]]
}
2023-01-04 16:56:26.871411;{0: [8, 11, 12, 14, 18, 21, 21, 21, 25, 25, 28, 31, 38, 40, 40, 45, 45, 35, 25], 1: [8, 11, 12, 14, 18, 21, 21, 21, 25, 25, 28, 31, 38, 40, 40, 45, 45, 35, 25], 2: [8, 11, 12, 14, 18, 21, 21, 21, 25, 25, 28, 31, 38, 40, 40, 45, 45, 35, 25], 3: [8, 11, 12, 14, 18, 21, 21, 21, 25, 25, 28, 31, 38, 40, 40, 45, 45, 35, 25], 4: [8, 11, 12, 14, 18, 21, 21, 21, 25, 25, 28, 31, 38, 40, 40, 45, 45, 35, 25], 5: [8, 11, 12, 14, 18, 21, 21, 21, 25, 25, 28, 31, 38, 40, 40, 45, 45, 35, 25]}
{
	[[8, 11, 12, 14, 18, 21, 21, 21, 25, 25, 28, 31, 38, 40, 40, 45, 45, 35, 25], [8, 11, 12, 14, 18, 21, 21, 21, 25, 25, 28, 31, 38, 40, 40, 45, 45, 35, 25], [8, 11, 12, 14, 18, 21, 21, 21, 25, 25, 28, 31, 38, 40, 40, 45, 45, 35, 25], [8, 11, 12, 14, 18, 21, 21, 21, 25, 25, 28, 31, 38, 40, 40, 45, 45, 35, 25], [8, 11, 12, 14, 18, 21, 21, 21, 25, 25, 28, 31, 38, 40, 40, 45, 45, 35, 25], [8, 11, 12, 14, 18, 21, 21, 21, 25, 25, 28, 31, 38, 40, 40, 45, 45, 35, 25]]
	[[8, 11, 12, 14, 18, 21, 21, 21, 25, 25, 28, 31, 38, 40, 40, 45, 45, 35, 25], [8, 11, 12, 14, 18, 21, 21, 21, 25, 25, 28, 31, 38, 40, 40, 45, 45, 35, 25], [8, 11, 12, 14, 18, 21, 21, 21, 25, 25, 28, 31, 38, 40, 40, 45, 45, 35, 25], [8, 11, 12, 14, 18, 21, 21, 21, 25, 25, 28, 31, 38, 40, 40, 45, 45, 35, 25], [8, 11, 12, 14, 18, 21, 21, 21, 25, 25, 28, 31, 38, 40, 40, 45, 45, 35, 25], [8, 11, 12, 14, 18, 21, 21, 21, 25, 25, 28, 31, 38, 40, 40, 45, 45, 35, 25]]
	[[8, 11, 12, 14, 18, 21, 21, 21, 25, 25, 28, 31, 38, 40, 40, 45, 45, 35, 25], [8, 11, 12, 14, 18, 21, 21, 21, 25, 25, 28, 31, 38, 40, 40, 45, 45, 35, 25], [8, 11, 12, 14, 18, 21, 21, 21, 25, 25, 28, 31, 38, 40, 40, 45, 45, 35, 25], [8, 11, 12, 14, 18, 21, 21, 21, 25, 25, 28, 31, 38, 40, 40, 45, 45, 35, 25], [8, 11, 12, 14, 18, 21, 21, 21, 25, 25, 28, 31, 38, 40, 40, 45, 45, 35, 25], [8, 11, 12, 14, 18, 21, 21, 21, 25, 25, 28, 31, 38, 40, 40, 45, 45, 35, 25]]
	[[8, 11, 12, 14, 18, 21, 21, 21, 25, 25, 28, 31, 38, 40, 40, 45, 45, 35, 25], [8, 11, 12, 14, 18, 21, 21, 21, 25, 25, 28, 31, 38, 40, 40, 45, 45, 35, 25], [8, 11, 12, 14, 18, 21, 21, 21, 25, 25, 28, 31, 38, 40, 40, 45, 45, 35, 25], [8, 11, 12, 14, 18, 21, 21, 21, 25, 25, 28, 31, 38, 40, 40, 45, 45, 35, 25], [8, 11, 12, 14, 18, 21, 21, 21, 25, 25, 28, 31, 38, 40, 40, 45, 45, 35, 25], [8, 11, 12, 14, 18, 21, 21, 21, 25, 25, 28, 31, 38, 40, 40, 45, 45, 35, 25]]
	[[8, 11, 12, 14, 18, 21, 21, 21, 25, 25, 28, 31, 38, 40, 40, 45, 45, 35, 25], [8, 11, 12, 14, 18, 21, 21, 21, 25, 25, 28, 31, 38, 40, 40, 45, 45, 35, 25], [8, 11, 12, 14, 18, 21, 21, 21, 25, 25, 28, 31, 38, 40, 40, 45, 45, 35, 25], [8, 11, 12, 14, 18, 21, 21, 21, 25, 25, 28, 31, 38, 40, 40, 45, 45, 35, 25], [8, 11, 12, 14, 18, 21, 21, 21, 25, 25, 28, 31, 38, 40, 40, 45, 45, 35, 25], [8, 11, 12, 14, 18, 21, 21, 21, 25, 25, 28, 31, 38, 40, 40, 45, 45, 35, 25]]
	[[8, 11, 12, 14, 18, 21, 21, 21, 25, 25, 28, 31, 38, 40, 40, 45, 45, 35, 25], [8, 11, 12, 14, 18, 21, 21, 21, 25, 25, 28, 31, 38, 40, 40, 45, 45, 35, 25], [8, 11, 12, 14, 18, 21, 21, 21, 25, 25, 28, 31, 38, 40, 40, 45, 45, 35, 25], [8, 11, 12, 14, 18, 21, 21, 21, 25, 25, 28, 31, 38, 40, 40, 45, 45, 35, 25], [8, 11, 12, 14, 18, 21, 21, 21, 25, 25, 28, 31, 38, 40, 40, 45, 45, 35, 25], [8, 11, 12, 14, 18, 21, 21, 21, 25, 25, 28, 31, 38, 40, 40, 45, 45, 35, 25]]
}
2023-01-04 16:56:37.486535;{0: [8, 11, 12, 14, 18, 21, 21, 21, 25, 25, 28, 31, 38, 40, 40, 45, 45, 35, 25], 1: [8, 11, 12, 14, 18, 21, 21, 21, 25, 25, 28, 31, 38, 40, 40, 45, 45, 35, 25], 2: [8, 11, 12, 14, 18, 21, 21, 21, 25, 25, 28, 31, 38, 40, 40, 45, 45, 35, 25], 3: [8, 11, 12, 14, 18, 21, 21, 21, 25, 25, 28, 31, 38, 40, 40, 45, 45, 35, 25], 4: [8, 11, 12, 14, 18, 21, 21, 21, 25, 25, 28, 31, 38, 40, 40, 45, 45, 35, 25], 5: [8, 11, 12, 14, 18, 21, 21, 21, 25, 25, 28, 31, 38, 40, 40, 45, 45, 35, 25]}
{
	[[8, 11, 12, 14, 18, 21, 21, 21, 25, 25, 28, 31, 38, 40, 40, 45, 45, 35, 25], [8, 11, 12, 14, 18, 21, 21, 21, 25, 25, 28, 31, 38, 40, 40, 45, 45, 35, 25], [8, 11, 12, 14, 18, 21, 21, 21, 25, 25, 28, 31, 38, 40, 40, 45, 45, 35, 25], [8, 11, 12, 14, 18, 21, 21, 21, 25, 25, 28, 31, 38, 40, 40, 45, 45, 35, 25], [8, 11, 12, 14, 18, 21, 21, 21, 25, 25, 28, 31, 38, 40, 40, 45, 45, 35, 25], [8, 11, 12, 14, 18, 21, 21, 21, 25, 25, 28, 31, 38, 40, 40, 45, 45, 35, 25]]
	[[8, 11, 12, 14, 18, 21, 21, 21, 25, 25, 28, 31, 38, 40, 40, 45, 45, 35, 25], [8, 11, 12, 14, 18, 21, 21, 21, 25, 25, 28, 31, 38, 40, 40, 45, 45, 35, 25], [8, 11, 12, 14, 18, 21, 21, 21, 25, 25, 28, 31, 38, 40, 40, 45, 45, 35, 25], [8, 11, 12, 14, 18, 21, 21, 21, 25, 25, 28, 31, 38, 40, 40, 45, 45, 35, 25], [8, 11, 12, 14, 18, 21, 21, 21, 25, 25, 28, 31, 38, 40, 40, 45, 45, 35, 25], [8, 11, 12, 14, 18, 21, 21, 21, 25, 25, 28, 31, 38, 40, 40, 45, 45, 35, 25]]
	[[8, 11, 12, 14, 18, 21, 21, 21, 25, 25, 28, 31, 38, 40, 40, 45, 45, 35, 25], [8, 11, 12, 14, 18, 21, 21, 21, 25, 25, 28, 31, 38, 40, 40, 45, 45, 35, 25], [8, 11, 12, 14, 18, 21, 21, 21, 25, 25, 28, 31, 38, 40, 40, 45, 45, 35, 25], [8, 11, 12, 14, 18, 21, 21, 21, 25, 25, 28, 31, 38, 40, 40, 45, 45, 35, 25], [8, 11, 12, 14, 18, 21, 21, 21, 25, 25, 28, 31, 38, 40, 40, 45, 45, 35, 25], [8, 11, 12, 14, 18, 21, 21, 21, 25, 25, 28, 31, 38, 40, 40, 45, 45, 35, 25]]
	[[8, 11, 12, 14, 18, 21, 21, 21, 25, 25, 28, 31, 38, 40, 40, 45, 45, 35, 25], [8, 11, 12, 14, 18, 21, 21, 21, 25, 25, 28, 31, 38, 40, 40, 45, 45, 35, 25], [8, 11, 12, 14, 18, 21, 21, 21, 25, 25, 28, 31, 38, 40, 40, 45, 45, 35, 25], [8, 11, 12, 14, 18, 21, 21, 21, 25, 25, 28, 31, 38, 40, 40, 45, 45, 35, 25], [8, 11, 12, 14, 18, 21, 21, 21, 25, 25, 28, 31, 38, 40, 40, 45, 45, 35, 25], [8, 11, 12, 14, 18, 21, 21, 21, 25, 25, 28, 31, 38, 40, 40, 45, 45, 35, 25]]
	[[8, 11, 12, 14, 18, 21, 21, 21, 25, 25, 28, 31, 38, 40, 40, 45, 45, 35, 25], [8, 11, 12, 14, 18, 21, 21, 21, 25, 25, 28, 31, 38, 40, 40, 45, 45, 35, 25], [8, 11, 12, 14, 18, 21, 21, 21, 25, 25, 28, 31, 38, 40, 40, 45, 45, 35, 25], [8, 11, 12, 14, 18, 21, 21, 21, 25, 25, 28, 31, 38, 40, 40, 45, 45, 35, 25], [8, 11, 12, 14, 18, 21, 21, 21, 25, 25, 28, 31, 38, 40, 40, 45, 45, 35, 25], [8, 11, 12, 14, 18, 21, 21, 21, 25, 25, 28, 31, 38, 40, 40, 45, 45, 35, 25]]
	[[8, 11, 12, 14, 18, 21, 21, 21, 25, 25, 28, 31, 38, 40, 40, 45, 45, 35, 25], [8, 11, 12, 14, 18, 21, 21, 21, 25, 25, 28, 31, 38, 40, 40, 45, 45, 35, 25], [8, 11, 12, 14, 18, 21, 21, 21, 25, 25, 28, 31, 38, 40, 40, 45, 45, 35, 25], [8, 11, 12, 14, 18, 21, 21, 21, 25, 25, 28, 31, 38, 40, 40, 45, 45, 35, 25], [8, 11, 12, 14, 18, 21, 21, 21, 25, 25, 28, 31, 38, 40, 40, 45, 45, 35, 25], [8, 11, 12, 14, 18, 21, 21, 21, 25, 25, 28, 31, 38, 40, 40, 45, 45, 35, 25]]
}
2023-01-04 16:56:49.755261;{0: [8, 11, 12, 14, 18, 21, 21, 21, 25, 25, 28, 31, 38, 40, 40, 45, 45, 35, 25], 1: [8, 11, 12, 14, 18, 21, 21, 21, 25, 25, 28, 31, 38, 40, 40, 45, 45, 35, 25], 2: [8, 11, 12, 14, 18, 21, 21, 21, 25, 25, 28, 31, 38, 40, 40, 45, 45, 35, 25], 3: [8, 11, 12, 14, 18, 21, 21, 21, 25, 25, 28, 31, 38, 40, 40, 45, 45, 35, 25], 4: [8, 11, 12, 14, 18, 21, 21, 21, 25, 25, 28, 31, 38, 40, 40, 45, 45, 35, 25], 5: [8, 11, 12, 14, 18, 21, 21, 21, 25, 25, 28, 31, 38, 40, 40, 45, 45, 35, 25]}
{
	[[8, 11, 12, 14, 18, 21, 21, 21, 25, 25, 28, 31, 38, 40, 40, 45, 45, 35, 25], [8, 11, 12, 14, 18, 21, 21, 21, 25, 25, 28, 31, 38, 40, 40, 45, 45, 35, 25], [8, 11, 12, 14, 18, 21, 21, 21, 25, 25, 28, 31, 38, 40, 40, 45, 45, 35, 25], [8, 11, 12, 14, 18, 21, 21, 21, 25, 25, 28, 31, 38, 40, 40, 45, 45, 35, 25], [8, 11, 12, 14, 18, 21, 21, 21, 25, 25, 28, 31, 38, 40, 40, 45, 45, 35, 25], [8, 11, 12, 14, 18, 21, 21, 21, 25, 25, 28, 31, 38, 40, 40, 45, 45, 35, 25]]
	[[8, 11, 12, 14, 18, 21, 21, 21, 25, 25, 28, 31, 38, 40, 40, 45, 45, 35, 25], [8, 11, 12, 14, 18, 21, 21, 21, 25, 25, 28, 31, 38, 40, 40, 45, 45, 35, 25], [8, 11, 12, 14, 18, 21, 21, 21, 25, 25, 28, 31, 38, 40, 40, 45, 45, 35, 25], [8, 11, 12, 14, 18, 21, 21, 21, 25, 25, 28, 31, 38, 40, 40, 45, 45, 35, 25], [8, 11, 12, 14, 18, 21, 21, 21, 25, 25, 28, 31, 38, 40, 40, 45, 45, 35, 25], [8, 11, 12, 14, 18, 21, 21, 21, 25, 25, 28, 31, 38, 40, 40, 45, 45, 35, 25]]
	[[8, 11, 12, 14, 18, 21, 21, 21, 25, 25, 28, 31, 38, 40, 40, 45, 45, 35, 25], [8, 11, 12, 14, 18, 21, 21, 21, 25, 25, 28, 31, 38, 40, 40, 45, 45, 35, 25], [8, 11, 12, 14, 18, 21, 21, 21, 25, 25, 28, 31, 38, 40, 40, 45, 45, 35, 25], [8, 11, 12, 14, 18, 21, 21, 21, 25, 25, 28, 31, 38, 40, 40, 45, 45, 35, 25], [8, 11, 12, 14, 18, 21, 21, 21, 25, 25, 28, 31, 38, 40, 40, 45, 45, 35, 25], [8, 11, 12, 14, 18, 21, 21, 21, 25, 25, 28, 31, 38, 40, 40, 45, 45, 35, 25]]
	[[8, 11, 12, 14, 18, 21, 21, 21, 25, 25, 28, 31, 38, 40, 40, 45, 45, 35, 25], [8, 11, 12, 14, 18, 21, 21, 21, 25, 25, 28, 31, 38, 40, 40, 45, 45, 35, 25], [8, 11, 12, 14, 18, 21, 21, 21, 25, 25, 28, 31, 38, 40, 40, 45, 45, 35, 25], [8, 11, 12, 14, 18, 21, 21, 21, 25, 25, 28, 31, 38, 40, 40, 45, 45, 35, 25], [8, 11, 12, 14, 18, 21, 21, 21, 25, 25, 28, 31, 38, 40, 40, 45, 45, 35, 25], [8, 11, 12, 14, 18, 21, 21, 21, 25, 25, 28, 31, 38, 40, 40, 45, 45, 35, 25]]
	[[8, 11, 12, 14, 18, 21, 21, 21, 25, 25, 28, 31, 38, 40, 40, 45, 45, 35, 25], [8, 11, 12, 14, 18, 21, 21, 21, 25, 25, 28, 31, 38, 40, 40, 45, 45, 35, 25], [8, 11, 12, 14, 18, 21, 21, 21, 25, 25, 28, 31, 38, 40, 40, 45, 45, 35, 25], [8, 11, 12, 14, 18, 21, 21, 21, 25, 25, 28, 31, 38, 40, 40, 45, 45, 35, 25], [8, 11, 12, 14, 18, 21, 21, 21, 25, 25, 28, 31, 38, 40, 40, 45, 45, 35, 25], [8, 11, 12, 14, 18, 21, 21, 21, 25, 25, 28, 31, 38, 40, 40, 45, 45, 35, 25]]
	[[8, 11, 12, 14, 18, 21, 21, 21, 25, 25, 28, 31, 38, 40, 40, 45, 45, 35, 25], [8, 11, 12, 14, 18, 21, 21, 21, 25, 25, 28, 31, 38, 40, 40, 45, 45, 35, 25], [8, 11, 12, 14, 18, 21, 21, 21, 25, 25, 28, 31, 38, 40, 40, 45, 45, 35, 25], [8, 11, 12, 14, 18, 21, 21, 21, 25, 25, 28, 31, 38, 40, 40, 45, 45, 35, 25], [8, 11, 12, 14, 18, 21, 21, 21, 25, 25, 28, 31, 38, 40, 40, 45, 45, 35, 25], [8, 11, 12, 14, 18, 21, 21, 21, 25, 25, 28, 31, 38, 40, 40, 45, 45, 35, 25]]
}
2023-01-04 16:57:14.020719;{0: [8, 11, 12, 14, 18, 21, 21, 21, 25, 25, 28, 31, 38, 40, 40, 45, 45, 35, 25], 1: [8, 11, 12, 14, 18, 21, 21, 21, 25, 25, 28, 31, 38, 40, 40, 45, 45, 35, 25], 2: [8, 11, 12, 14, 18, 21, 21, 21, 25, 25, 28, 31, 38, 40, 40, 45, 45, 35, 25], 3: [8, 11, 12, 14, 18, 21, 21, 21, 25, 25, 28, 31, 38, 40, 40, 45, 45, 35, 25], 4: [8, 11, 12, 14, 18, 21, 21, 21, 25, 25, 28, 31, 38, 40, 40, 45, 45, 35, 25], 5: [8, 11, 12, 14, 18, 21, 21, 21, 25, 25, 28, 31, 38, 40, 40, 45, 45, 35, 25]}
{
	[[8, 11, 12, 14, 18, 21, 21, 21, 25, 25, 28, 31, 38, 40, 40, 45, 45, 35, 25], [8, 11, 12, 14, 18, 21, 21, 21, 25, 25, 28, 31, 38, 40, 40, 45, 45, 35, 25], [8, 11, 12, 14, 18, 21, 21, 21, 25, 25, 28, 31, 38, 40, 40, 45, 45, 35, 25], [8, 11, 12, 14, 18, 21, 21, 21, 25, 25, 28, 31, 38, 40, 40, 45, 45, 35, 25], [8, 11, 12, 14, 18, 21, 21, 21, 25, 25, 28, 31, 38, 40, 40, 45, 45, 35, 25], [8, 11, 12, 14, 18, 21, 21, 21, 25, 25, 28, 31, 38, 40, 40, 45, 45, 35, 25]]
	[[8, 11, 12, 14, 18, 21, 21, 21, 25, 25, 28, 31, 38, 40, 40, 45, 45, 35, 25], [8, 11, 12, 14, 18, 21, 21, 21, 25, 25, 28, 31, 38, 40, 40, 45, 45, 35, 25], [8, 11, 12, 14, 18, 21, 21, 21, 25, 25, 28, 31, 38, 40, 40, 45, 45, 35, 25], [8, 11, 12, 14, 18, 21, 21, 21, 25, 25, 28, 31, 38, 40, 40, 45, 45, 35, 25], [8, 11, 12, 14, 18, 21, 21, 21, 25, 25, 28, 31, 38, 40, 40, 45, 45, 35, 25], [8, 11, 12, 14, 18, 21, 21, 21, 25, 25, 28, 31, 38, 40, 40, 45, 45, 35, 25]]
	[[8, 11, 12, 14, 18, 21, 21, 21, 25, 25, 28, 31, 38, 40, 40, 45, 45, 35, 25], [8, 11, 12, 14, 18, 21, 21, 21, 25, 25, 28, 31, 38, 40, 40, 45, 45, 35, 25], [8, 11, 12, 14, 18, 21, 21, 21, 25, 25, 28, 31, 38, 40, 40, 45, 45, 35, 25], [8, 11, 12, 14, 18, 21, 21, 21, 25, 25, 28, 31, 38, 40, 40, 45, 45, 35, 25], [8, 11, 12, 14, 18, 21, 21, 21, 25, 25, 28, 31, 38, 40, 40, 45, 45, 35, 25], [8, 11, 12, 14, 18, 21, 21, 21, 25, 25, 28, 31, 38, 40, 40, 45, 45, 35, 25]]
	[[8, 11, 12, 14, 18, 21, 21, 21, 25, 25, 28, 31, 38, 40, 40, 45, 45, 35, 25], [8, 11, 12, 14, 18, 21, 21, 21, 25, 25, 28, 31, 38, 40, 40, 45, 45, 35, 25], [8, 11, 12, 14, 18, 21, 21, 21, 25, 25, 28, 31, 38, 40, 40, 45, 45, 35, 25], [8, 11, 12, 14, 18, 21, 21, 21, 25, 25, 28, 31, 38, 40, 40, 45, 45, 35, 25], [8, 11, 12, 14, 18, 21, 21, 21, 25, 25, 28, 31, 38, 40, 40, 45, 45, 35, 25], [8, 11, 12, 14, 18, 21, 21, 21, 25, 25, 28, 31, 38, 40, 40, 45, 45, 35, 25]]
	[[8, 11, 12, 14, 18, 21, 21, 21, 25, 25, 28, 31, 38, 40, 40, 45, 45, 35, 25], [8, 11, 12, 14, 18, 21, 21, 21, 25, 25, 28, 31, 38, 40, 40, 45, 45, 35, 25], [8, 11, 12, 14, 18, 21, 21, 21, 25, 25, 28, 31, 38, 40, 40, 45, 45, 35, 25], [8, 11, 12, 14, 18, 21, 21, 21, 25, 25, 28, 31, 38, 40, 40, 45, 45, 35, 25], [8, 11, 12, 14, 18, 21, 21, 21, 25, 25, 28, 31, 38, 40, 40, 45, 45, 35, 25], [8, 11, 12, 14, 18, 21, 21, 21, 25, 25, 28, 31, 38, 40, 40, 45, 45, 35, 25]]
	[[8, 11, 12, 14, 18, 21, 21, 21, 25, 25, 28, 31, 38, 40, 40, 45, 45, 35, 25], [8, 11, 12, 14, 18, 21, 21, 21, 25, 25, 28, 31, 38, 40, 40, 45, 45, 35, 25], [8, 11, 12, 14, 18, 21, 21, 21, 25, 25, 28, 31, 38, 40, 40, 45, 45, 35, 25], [8, 11, 12, 14, 18, 21, 21, 21, 25, 25, 28, 31, 38, 40, 40, 45, 45, 35, 25], [8, 11, 12, 14, 18, 21, 21, 21, 25, 25, 28, 31, 38, 40, 40, 45, 45, 35, 25], [8, 11, 12, 14, 18, 21, 21, 21, 25, 25, 28, 31, 38, 40, 40, 45, 45, 35, 25]]
}
2023-01-04 16:57:58.994337;{0: [8, 11, 12, 14, 18, 21, 21, 21, 25, 25, 28, 31, 38, 40, 40, 45, 45, 35, 25], 1: [8, 11, 12, 14, 18, 21, 21, 21, 25, 25, 28, 31, 38, 40, 40, 45, 45, 35, 25], 2: [8, 11, 12, 14, 18, 21, 21, 21, 25, 25, 28, 31, 38, 40, 40, 45, 45, 35, 25], 3: [8, 11, 12, 14, 18, 21, 21, 21, 25, 25, 28, 31, 38, 40, 40, 45, 45, 35, 25], 4: [8, 11, 12, 14, 18, 21, 21, 21, 25, 25, 28, 31, 38, 40, 40, 45, 45, 35, 25], 5: [8, 11, 12, 14, 18, 21, 21, 21, 25, 25, 28, 31, 38, 40, 40, 45, 45, 35, 25]}
{
	[[8, 11, 12, 14, 18, 21, 21, 21, 25, 25, 28, 31, 38, 40, 40, 45, 45, 35, 25], [8, 11, 12, 14, 18, 21, 21, 21, 25, 25, 28, 31, 38, 40, 40, 45, 45, 35, 25], [8, 11, 12, 14, 18, 21, 21, 21, 25, 25, 28, 31, 38, 40, 40, 45, 45, 35, 25], [8, 11, 12, 14, 18, 21, 21, 21, 25, 25, 28, 31, 38, 40, 40, 45, 45, 35, 25], [8, 11, 12, 14, 18, 21, 21, 21, 25, 25, 28, 31, 38, 40, 40, 45, 45, 35, 25], [8, 11, 12, 14, 18, 21, 21, 21, 25, 25, 28, 31, 38, 40, 40, 45, 45, 35, 25]]
	[[8, 11, 12, 14, 18, 21, 21, 21, 25, 25, 28, 31, 38, 40, 40, 45, 45, 35, 25], [8, 11, 12, 14, 18, 21, 21, 21, 25, 25, 28, 31, 38, 40, 40, 45, 45, 35, 25], [8, 11, 12, 14, 18, 21, 21, 21, 25, 25, 28, 31, 38, 40, 40, 45, 45, 35, 25], [8, 11, 12, 14, 18, 21, 21, 21, 25, 25, 28, 31, 38, 40, 40, 45, 45, 35, 25], [8, 11, 12, 14, 18, 21, 21, 21, 25, 25, 28, 31, 38, 40, 40, 45, 45, 35, 25], [8, 11, 12, 14, 18, 21, 21, 21, 25, 25, 28, 31, 38, 40, 40, 45, 45, 35, 25]]
	[[8, 11, 12, 14, 18, 21, 21, 21, 25, 25, 28, 31, 38, 40, 40, 45, 45, 35, 25], [8, 11, 12, 14, 18, 21, 21, 21, 25, 25, 28, 31, 38, 40, 40, 45, 45, 35, 25], [8, 11, 12, 14, 18, 21, 21, 21, 25, 25, 28, 31, 38, 40, 40, 45, 45, 35, 25], [8, 11, 12, 14, 18, 21, 21, 21, 25, 25, 28, 31, 38, 40, 40, 45, 45, 35, 25], [8, 11, 12, 14, 18, 21, 21, 21, 25, 25, 28, 31, 38, 40, 40, 45, 45, 35, 25], [8, 11, 12, 14, 18, 21, 21, 21, 25, 25, 28, 31, 38, 40, 40, 45, 45, 35, 25]]
	[[8, 11, 12, 14, 18, 21, 21, 21, 25, 25, 28, 31, 38, 40, 40, 45, 45, 35, 25], [8, 11, 12, 14, 18, 21, 21, 21, 25, 25, 28, 31, 38, 40, 40, 45, 45, 35, 25], [8, 11, 12, 14, 18, 21, 21, 21, 25, 25, 28, 31, 38, 40, 40, 45, 45, 35, 25], [8, 11, 12, 14, 18, 21, 21, 21, 25, 25, 28, 31, 38, 40, 40, 45, 45, 35, 25], [8, 11, 12, 14, 18, 21, 21, 21, 25, 25, 28, 31, 38, 40, 40, 45, 45, 35, 25], [8, 11, 12, 14, 18, 21, 21, 21, 25, 25, 28, 31, 38, 40, 40, 45, 45, 35, 25]]
	[[8, 11, 12, 14, 18, 21, 21, 21, 25, 25, 28, 31, 38, 40, 40, 45, 45, 35, 25], [8, 11, 12, 14, 18, 21, 21, 21, 25, 25, 28, 31, 38, 40, 40, 45, 45, 35, 25], [8, 11, 12, 14, 18, 21, 21, 21, 25, 25, 28, 31, 38, 40, 40, 45, 45, 35, 25], [8, 11, 12, 14, 18, 21, 21, 21, 25, 25, 28, 31, 38, 40, 40, 45, 45, 35, 25], [8, 11, 12, 14, 18, 21, 21, 21, 25, 25, 28, 31, 38, 40, 40, 45, 45, 35, 25], [8, 11, 12, 14, 18, 21, 21, 21, 25, 25, 28, 31, 38, 40, 40, 45, 45, 35, 25]]
	[[8, 11, 12, 14, 18, 21, 21, 21, 25, 25, 28, 31, 38, 40, 40, 45, 45, 35, 25], [8, 11, 12, 14, 18, 21, 21, 21, 25, 25, 28, 31, 38, 40, 40, 45, 45, 35, 25], [8, 11, 12, 14, 18, 21, 21, 21, 25, 25, 28, 31, 38, 40, 40, 45, 45, 35, 25], [8, 11, 12, 14, 18, 21, 21, 21, 25, 25, 28, 31, 38, 40, 40, 45, 45, 35, 25], [8, 11, 12, 14, 18, 21, 21, 21, 25, 25, 28, 31, 38, 40, 40, 45, 45, 35, 25], [8, 11, 12, 14, 18, 21, 21, 21, 25, 25, 28, 31, 38, 40, 40, 45, 45, 35, 25]]
}
2023-01-04 16:58:35.957199;{0: [8, 11, 12, 14, 18, 21, 21, 21, 25, 25, 28, 31, 38, 40, 40, 45, 45, 35, 25], 1: [8, 11, 12, 14, 18, 21, 21, 21, 25, 25, 28, 31, 38, 40, 40, 45, 45, 35, 25], 2: [8, 11, 12, 14, 18, 21, 21, 21, 25, 25, 28, 31, 38, 40, 40, 45, 45, 35, 25], 3: [8, 11, 12, 14, 18, 21, 21, 21, 25, 25, 28, 31, 38, 40, 40, 45, 45, 35, 25], 4: [8, 11, 12, 14, 18, 21, 21, 21, 25, 25, 28, 31, 38, 40, 40, 45, 45, 35, 25], 5: [8, 11, 12, 14, 18, 21, 21, 21, 25, 25, 28, 31, 38, 40, 40, 45, 45, 35, 25]}
{
	[[8, 11, 12, 14, 18, 21, 21, 21, 25, 25, 28, 31, 38, 40, 40, 45, 45, 35, 25], [8, 11, 12, 14, 18, 21, 21, 21, 25, 25, 28, 31, 38, 40, 40, 45, 45, 35, 25], [8, 11, 12, 14, 18, 21, 21, 21, 25, 25, 28, 31, 38, 40, 40, 45, 45, 35, 25], [8, 11, 12, 14, 18, 21, 21, 21, 25, 25, 28, 31, 38, 40, 40, 45, 45, 35, 25], [8, 11, 12, 14, 18, 21, 21, 21, 25, 25, 28, 31, 38, 40, 40, 45, 45, 35, 25], [8, 11, 12, 14, 18, 21, 21, 21, 25, 25, 28, 31, 38, 40, 40, 45, 45, 35, 25]]
	[[8, 11, 12, 14, 18, 21, 21, 21, 25, 25, 28, 31, 38, 40, 40, 45, 45, 35, 25], [8, 11, 12, 14, 18, 21, 21, 21, 25, 25, 28, 31, 38, 40, 40, 45, 45, 35, 25], [8, 11, 12, 14, 18, 21, 21, 21, 25, 25, 28, 31, 38, 40, 40, 45, 45, 35, 25], [8, 11, 12, 14, 18, 21, 21, 21, 25, 25, 28, 31, 38, 40, 40, 45, 45, 35, 25], [8, 11, 12, 14, 18, 21, 21, 21, 25, 25, 28, 31, 38, 40, 40, 45, 45, 35, 25], [8, 11, 12, 14, 18, 21, 21, 21, 25, 25, 28, 31, 38, 40, 40, 45, 45, 35, 25]]
	[[8, 11, 12, 14, 18, 21, 21, 21, 25, 25, 28, 31, 38, 40, 40, 45, 45, 35, 25], [8, 11, 12, 14, 18, 21, 21, 21, 25, 25, 28, 31, 38, 40, 40, 45, 45, 35, 25], [8, 11, 12, 14, 18, 21, 21, 21, 25, 25, 28, 31, 38, 40, 40, 45, 45, 35, 25], [8, 11, 12, 14, 18, 21, 21, 21, 25, 25, 28, 31, 38, 40, 40, 45, 45, 35, 25], [8, 11, 12, 14, 18, 21, 21, 21, 25, 25, 28, 31, 38, 40, 40, 45, 45, 35, 25], [8, 11, 12, 14, 18, 21, 21, 21, 25, 25, 28, 31, 38, 40, 40, 45, 45, 35, 25]]
	[[8, 11, 12, 14, 18, 21, 21, 21, 25, 25, 28, 31, 38, 40, 40, 45, 45, 35, 25], [8, 11, 12, 14, 18, 21, 21, 21, 25, 25, 28, 31, 38, 40, 40, 45, 45, 35, 25], [8, 11, 12, 14, 18, 21, 21, 21, 25, 25, 28, 31, 38, 40, 40, 45, 45, 35, 25], [8, 11, 12, 14, 18, 21, 21, 21, 25, 25, 28, 31, 38, 40, 40, 45, 45, 35, 25], [8, 11, 12, 14, 18, 21, 21, 21, 25, 25, 28, 31, 38, 40, 40, 45, 45, 35, 25], [8, 11, 12, 14, 18, 21, 21, 21, 25, 25, 28, 31, 38, 40, 40, 45, 45, 35, 25]]
	[[8, 11, 12, 14, 18, 21, 21, 21, 25, 25, 28, 31, 38, 40, 40, 45, 45, 35, 25], [8, 11, 12, 14, 18, 21, 21, 21, 25, 25, 28, 31, 38, 40, 40, 45, 45, 35, 25], [8, 11, 12, 14, 18, 21, 21, 21, 25, 25, 28, 31, 38, 40, 40, 45, 45, 35, 25], [8, 11, 12, 14, 18, 21, 21, 21, 25, 25, 28, 31, 38, 40, 40, 45, 45, 35, 25], [8, 11, 12, 14, 18, 21, 21, 21, 25, 25, 28, 31, 38, 40, 40, 45, 45, 35, 25], [8, 11, 12, 14, 18, 21, 21, 21, 25, 25, 28, 31, 38, 40, 40, 45, 45, 35, 25]]
	[[8, 11, 12, 14, 18, 21, 21, 21, 25, 25, 28, 31, 38, 40, 40, 45, 45, 35, 25], [8, 11, 12, 14, 18, 21, 21, 21, 25, 25, 28, 31, 38, 40, 40, 45, 45, 35, 25], [8, 11, 12, 14, 18, 21, 21, 21, 25, 25, 28, 31, 38, 40, 40, 45, 45, 35, 25], [8, 11, 12, 14, 18, 21, 21, 21, 25, 25, 28, 31, 38, 40, 40, 45, 45, 35, 25], [8, 11, 12, 14, 18, 21, 21, 21, 25, 25, 28, 31, 38, 40, 40, 45, 45, 35, 25], [8, 11, 12, 14, 18, 21, 21, 21, 25, 25, 28, 31, 38, 40, 40, 45, 45, 35, 25]]
}
2023-01-04 16:58:54.478173;{0: [8, 11, 12, 14, 18, 21, 21, 21, 25, 25, 28, 31, 38, 40, 40, 45, 45, 35, 25], 1: [8, 11, 12, 14, 18, 21, 21, 21, 25, 25, 28, 31, 38, 40, 40, 45, 45, 35, 25], 2: [8, 11, 12, 14, 18, 21, 21, 21, 25, 25, 28, 31, 38, 40, 40, 45, 45, 35, 25], 3: [8, 11, 12, 14, 18, 21, 21, 21, 25, 25, 28, 31, 38, 40, 40, 45, 45, 35, 25], 4: [8, 11, 12, 14, 18, 21, 21, 21, 25, 25, 28, 31, 38, 40, 40, 45, 45, 35, 25], 5: [8, 11, 12, 14, 18, 21, 21, 21, 25, 25, 28, 31, 38, 40, 40, 45, 45, 35, 25]}
{
	[[8, 11, 12, 14, 18, 21, 21, 21, 25, 25, 28, 31, 38, 40, 40, 45, 45, 35, 25], [8, 11, 12, 14, 18, 21, 21, 21, 25, 25, 28, 31, 38, 40, 40, 45, 45, 35, 25], [8, 11, 12, 14, 18, 21, 21, 21, 25, 25, 28, 31, 38, 40, 40, 45, 45, 35, 25], [8, 11, 12, 14, 18, 21, 21, 21, 25, 25, 28, 31, 38, 40, 40, 45, 45, 35, 25], [8, 11, 12, 14, 18, 21, 21, 21, 25, 25, 28, 31, 38, 40, 40, 45, 45, 35, 25], [8, 11, 12, 14, 18, 21, 21, 21, 25, 25, 28, 31, 38, 40, 40, 45, 45, 35, 25]]
	[[8, 11, 12, 14, 18, 21, 21, 21, 25, 25, 28, 31, 38, 40, 40, 45, 45, 35, 25], [8, 11, 12, 14, 18, 21, 21, 21, 25, 25, 28, 31, 38, 40, 40, 45, 45, 35, 25], [8, 11, 12, 14, 18, 21, 21, 21, 25, 25, 28, 31, 38, 40, 40, 45, 45, 35, 25], [8, 11, 12, 14, 18, 21, 21, 21, 25, 25, 28, 31, 38, 40, 40, 45, 45, 35, 25], [8, 11, 12, 14, 18, 21, 21, 21, 25, 25, 28, 31, 38, 40, 40, 45, 45, 35, 25], [8, 11, 12, 14, 18, 21, 21, 21, 25, 25, 28, 31, 38, 40, 40, 45, 45, 35, 25]]
	[[8, 11, 12, 14, 18, 21, 21, 21, 25, 25, 28, 31, 38, 40, 40, 45, 45, 35, 25], [8, 11, 12, 14, 18, 21, 21, 21, 25, 25, 28, 31, 38, 40, 40, 45, 45, 35, 25], [8, 11, 12, 14, 18, 21, 21, 21, 25, 25, 28, 31, 38, 40, 40, 45, 45, 35, 25], [8, 11, 12, 14, 18, 21, 21, 21, 25, 25, 28, 31, 38, 40, 40, 45, 45, 35, 25], [8, 11, 12, 14, 18, 21, 21, 21, 25, 25, 28, 31, 38, 40, 40, 45, 45, 35, 25], [8, 11, 12, 14, 18, 21, 21, 21, 25, 25, 28, 31, 38, 40, 40, 45, 45, 35, 25]]
	[[8, 11, 12, 14, 18, 21, 21, 21, 25, 25, 28, 31, 38, 40, 40, 45, 45, 35, 25], [8, 11, 12, 14, 18, 21, 21, 21, 25, 25, 28, 31, 38, 40, 40, 45, 45, 35, 25], [8, 11, 12, 14, 18, 21, 21, 21, 25, 25, 28, 31, 38, 40, 40, 45, 45, 35, 25], [8, 11, 12, 14, 18, 21, 21, 21, 25, 25, 28, 31, 38, 40, 40, 45, 45, 35, 25], [8, 11, 12, 14, 18, 21, 21, 21, 25, 25, 28, 31, 38, 40, 40, 45, 45, 35, 25], [8, 11, 12, 14, 18, 21, 21, 21, 25, 25, 28, 31, 38, 40, 40, 45, 45, 35, 25]]
	[[8, 11, 12, 14, 18, 21, 21, 21, 25, 25, 28, 31, 38, 40, 40, 45, 45, 35, 25], [8, 11, 12, 14, 18, 21, 21, 21, 25, 25, 28, 31, 38, 40, 40, 45, 45, 35, 25], [8, 11, 12, 14, 18, 21, 21, 21, 25, 25, 28, 31, 38, 40, 40, 45, 45, 35, 25], [8, 11, 12, 14, 18, 21, 21, 21, 25, 25, 28, 31, 38, 40, 40, 45, 45, 35, 25], [8, 11, 12, 14, 18, 21, 21, 21, 25, 25, 28, 31, 38, 40, 40, 45, 45, 35, 25], [8, 11, 12, 14, 18, 21, 21, 21, 25, 25, 28, 31, 38, 40, 40, 45, 45, 35, 25]]
	[[8, 11, 12, 14, 18, 21, 21, 21, 25, 25, 28, 31, 38, 40, 40, 45, 45, 35, 25], [8, 11, 12, 14, 18, 21, 21, 21, 25, 25, 28, 31, 38, 40, 40, 45, 45, 35, 25], [8, 11, 12, 14, 18, 21, 21, 21, 25, 25, 28, 31, 38, 40, 40, 45, 45, 35, 25], [8, 11, 12, 14, 18, 21, 21, 21, 25, 25, 28, 31, 38, 40, 40, 45, 45, 35, 25], [8, 11, 12, 14, 18, 21, 21, 21, 25, 25, 28, 31, 38, 40, 40, 45, 45, 35, 25], [8, 11, 12, 14, 18, 21, 21, 21, 25, 25, 28, 31, 38, 40, 40, 45, 45, 35, 25]]
}
2023-01-04 16:59:31.943161;{0: [8, 11, 12, 14, 18, 21, 21, 21, 25, 25, 28, 31, 38, 40, 40, 45, 45, 35, 25], 1: [8, 11, 12, 14, 18, 21, 21, 21, 25, 25, 28, 31, 38, 40, 40, 45, 45, 35, 25], 2: [8, 11, 12, 14, 18, 21, 21, 21, 25, 25, 28, 31, 38, 40, 40, 45, 45, 35, 25], 3: [8, 11, 12, 14, 18, 21, 21, 21, 25, 25, 28, 31, 38, 40, 40, 45, 45, 35, 25], 4: [8, 11, 12, 14, 18, 21, 21, 21, 25, 25, 28, 31, 38, 40, 40, 45, 45, 35, 25], 5: [8, 11, 12, 14, 18, 21, 21, 21, 25, 25, 28, 31, 38, 40, 40, 45, 45, 35, 25]}
{
	[[8, 11, 12, 14, 18, 21, 21, 21, 25, 25, 28, 31, 38, 40, 40, 45, 45, 35, 25], [8, 11, 12, 14, 18, 21, 21, 21, 25, 25, 28, 31, 38, 40, 40, 45, 45, 35, 25], [8, 11, 12, 14, 18, 21, 21, 21, 25, 25, 28, 31, 38, 40, 40, 45, 45, 35, 25], [8, 11, 12, 14, 18, 21, 21, 21, 25, 25, 28, 31, 38, 40, 40, 45, 45, 35, 25], [8, 11, 12, 14, 18, 21, 21, 21, 25, 25, 28, 31, 38, 40, 40, 45, 45, 35, 25], [8, 11, 12, 14, 18, 21, 21, 21, 25, 25, 28, 31, 38, 40, 40, 45, 45, 35, 25]]
	[[8, 11, 12, 14, 18, 21, 21, 21, 25, 25, 28, 31, 38, 40, 40, 45, 45, 35, 25], [8, 11, 12, 14, 18, 21, 21, 21, 25, 25, 28, 31, 38, 40, 40, 45, 45, 35, 25], [8, 11, 12, 14, 18, 21, 21, 21, 25, 25, 28, 31, 38, 40, 40, 45, 45, 35, 25], [8, 11, 12, 14, 18, 21, 21, 21, 25, 25, 28, 31, 38, 40, 40, 45, 45, 35, 25], [8, 11, 12, 14, 18, 21, 21, 21, 25, 25, 28, 31, 38, 40, 40, 45, 45, 35, 25], [8, 11, 12, 14, 18, 21, 21, 21, 25, 25, 28, 31, 38, 40, 40, 45, 45, 35, 25]]
	[[8, 11, 12, 14, 18, 21, 21, 21, 25, 25, 28, 31, 38, 40, 40, 45, 45, 35, 25], [8, 11, 12, 14, 18, 21, 21, 21, 25, 25, 28, 31, 38, 40, 40, 45, 45, 35, 25], [8, 11, 12, 14, 18, 21, 21, 21, 25, 25, 28, 31, 38, 40, 40, 45, 45, 35, 25], [8, 11, 12, 14, 18, 21, 21, 21, 25, 25, 28, 31, 38, 40, 40, 45, 45, 35, 25], [8, 11, 12, 14, 18, 21, 21, 21, 25, 25, 28, 31, 38, 40, 40, 45, 45, 35, 25], [8, 11, 12, 14, 18, 21, 21, 21, 25, 25, 28, 31, 38, 40, 40, 45, 45, 35, 25]]
	[[8, 11, 12, 14, 18, 21, 21, 21, 25, 25, 28, 31, 38, 40, 40, 45, 45, 35, 25], [8, 11, 12, 14, 18, 21, 21, 21, 25, 25, 28, 31, 38, 40, 40, 45, 45, 35, 25], [8, 11, 12, 14, 18, 21, 21, 21, 25, 25, 28, 31, 38, 40, 40, 45, 45, 35, 25], [8, 11, 12, 14, 18, 21, 21, 21, 25, 25, 28, 31, 38, 40, 40, 45, 45, 35, 25], [8, 11, 12, 14, 18, 21, 21, 21, 25, 25, 28, 31, 38, 40, 40, 45, 45, 35, 25], [8, 11, 12, 14, 18, 21, 21, 21, 25, 25, 28, 31, 38, 40, 40, 45, 45, 35, 25]]
	[[8, 11, 12, 14, 18, 21, 21, 21, 25, 25, 28, 31, 38, 40, 40, 45, 45, 35, 25], [8, 11, 12, 14, 18, 21, 21, 21, 25, 25, 28, 31, 38, 40, 40, 45, 45, 35, 25], [8, 11, 12, 14, 18, 21, 21, 21, 25, 25, 28, 31, 38, 40, 40, 45, 45, 35, 25], [8, 11, 12, 14, 18, 21, 21, 21, 25, 25, 28, 31, 38, 40, 40, 45, 45, 35, 25], [8, 11, 12, 14, 18, 21, 21, 21, 25, 25, 28, 31, 38, 40, 40, 45, 45, 35, 25], [8, 11, 12, 14, 18, 21, 21, 21, 25, 25, 28, 31, 38, 40, 40, 45, 45, 35, 25]]
	[[8, 11, 12, 14, 18, 21, 21, 21, 25, 25, 28, 31, 38, 40, 40, 45, 45, 35, 25], [8, 11, 12, 14, 18, 21, 21, 21, 25, 25, 28, 31, 38, 40, 40, 45, 45, 35, 25], [8, 11, 12, 14, 18, 21, 21, 21, 25, 25, 28, 31, 38, 40, 40, 45, 45, 35, 25], [8, 11, 12, 14, 18, 21, 21, 21, 25, 25, 28, 31, 38, 40, 40, 45, 45, 35, 25], [8, 11, 12, 14, 18, 21, 21, 21, 25, 25, 28, 31, 38, 40, 40, 45, 45, 35, 25], [8, 11, 12, 14, 18, 21, 21, 21, 25, 25, 28, 31, 38, 40, 40, 45, 45, 35, 25]]
}
2023-01-04 16:59:43.959662;{0: [8, 11, 12, 14, 18, 21, 21, 21, 25, 25, 28, 31, 38, 40, 40, 45, 45, 35, 25], 1: [8, 11, 12, 14, 18, 21, 21, 21, 25, 25, 28, 31, 38, 40, 40, 45, 45, 35, 25], 2: [8, 11, 12, 14, 18, 21, 21, 21, 25, 25, 28, 31, 38, 40, 40, 45, 45, 35, 25], 3: [8, 11, 12, 14, 18, 21, 21, 21, 25, 25, 28, 31, 38, 40, 40, 45, 45, 35, 25], 4: [8, 11, 12, 14, 18, 21, 21, 21, 25, 25, 28, 31, 38, 40, 40, 45, 45, 35, 25], 5: [8, 11, 12, 14, 18, 21, 21, 21, 25, 25, 28, 31, 38, 40, 40, 45, 45, 35, 25]}
{
	[[8, 11, 12, 14, 18, 21, 21, 21, 25, 25, 28, 31, 38, 40, 40, 45, 45, 35, 25], [8, 11, 12, 14, 18, 21, 21, 21, 25, 25, 28, 31, 38, 40, 40, 45, 45, 35, 25], [8, 11, 12, 14, 18, 21, 21, 21, 25, 25, 28, 31, 38, 40, 40, 45, 45, 35, 25], [8, 11, 12, 14, 18, 21, 21, 21, 25, 25, 28, 31, 38, 40, 40, 45, 45, 35, 25], [8, 11, 12, 14, 18, 21, 21, 21, 25, 25, 28, 31, 38, 40, 40, 45, 45, 35, 25], [8, 11, 12, 14, 18, 21, 21, 21, 25, 25, 28, 31, 38, 40, 40, 45, 45, 35, 25]]
	[[8, 11, 12, 14, 18, 21, 21, 21, 25, 25, 28, 31, 38, 40, 40, 45, 45, 35, 25], [8, 11, 12, 14, 18, 21, 21, 21, 25, 25, 28, 31, 38, 40, 40, 45, 45, 35, 25], [8, 11, 12, 14, 18, 21, 21, 21, 25, 25, 28, 31, 38, 40, 40, 45, 45, 35, 25], [8, 11, 12, 14, 18, 21, 21, 21, 25, 25, 28, 31, 38, 40, 40, 45, 45, 35, 25], [8, 11, 12, 14, 18, 21, 21, 21, 25, 25, 28, 31, 38, 40, 40, 45, 45, 35, 25], [8, 11, 12, 14, 18, 21, 21, 21, 25, 25, 28, 31, 38, 40, 40, 45, 45, 35, 25]]
	[[8, 11, 12, 14, 18, 21, 21, 21, 25, 25, 28, 31, 38, 40, 40, 45, 45, 35, 25], [8, 11, 12, 14, 18, 21, 21, 21, 25, 25, 28, 31, 38, 40, 40, 45, 45, 35, 25], [8, 11, 12, 14, 18, 21, 21, 21, 25, 25, 28, 31, 38, 40, 40, 45, 45, 35, 25], [8, 11, 12, 14, 18, 21, 21, 21, 25, 25, 28, 31, 38, 40, 40, 45, 45, 35, 25], [8, 11, 12, 14, 18, 21, 21, 21, 25, 25, 28, 31, 38, 40, 40, 45, 45, 35, 25], [8, 11, 12, 14, 18, 21, 21, 21, 25, 25, 28, 31, 38, 40, 40, 45, 45, 35, 25]]
	[[8, 11, 12, 14, 18, 21, 21, 21, 25, 25, 28, 31, 38, 40, 40, 45, 45, 35, 25], [8, 11, 12, 14, 18, 21, 21, 21, 25, 25, 28, 31, 38, 40, 40, 45, 45, 35, 25], [8, 11, 12, 14, 18, 21, 21, 21, 25, 25, 28, 31, 38, 40, 40, 45, 45, 35, 25], [8, 11, 12, 14, 18, 21, 21, 21, 25, 25, 28, 31, 38, 40, 40, 45, 45, 35, 25], [8, 11, 12, 14, 18, 21, 21, 21, 25, 25, 28, 31, 38, 40, 40, 45, 45, 35, 25], [8, 11, 12, 14, 18, 21, 21, 21, 25, 25, 28, 31, 38, 40, 40, 45, 45, 35, 25]]
	[[8, 11, 12, 14, 18, 21, 21, 21, 25, 25, 28, 31, 38, 40, 40, 45, 45, 35, 25], [8, 11, 12, 14, 18, 21, 21, 21, 25, 25, 28, 31, 38, 40, 40, 45, 45, 35, 25], [8, 11, 12, 14, 18, 21, 21, 21, 25, 25, 28, 31, 38, 40, 40, 45, 45, 35, 25], [8, 11, 12, 14, 18, 21, 21, 21, 25, 25, 28, 31, 38, 40, 40, 45, 45, 35, 25], [8, 11, 12, 14, 18, 21, 21, 21, 25, 25, 28, 31, 38, 40, 40, 45, 45, 35, 25], [8, 11, 12, 14, 18, 21, 21, 21, 25, 25, 28, 31, 38, 40, 40, 45, 45, 35, 25]]
	[[8, 11, 12, 14, 18, 21, 21, 21, 25, 25, 28, 31, 38, 40, 40, 45, 45, 35, 25], [8, 11, 12, 14, 18, 21, 21, 21, 25, 25, 28, 31, 38, 40, 40, 45, 45, 35, 25], [8, 11, 12, 14, 18, 21, 21, 21, 25, 25, 28, 31, 38, 40, 40, 45, 45, 35, 25], [8, 11, 12, 14, 18, 21, 21, 21, 25, 25, 28, 31, 38, 40, 40, 45, 45, 35, 25], [8, 11, 12, 14, 18, 21, 21, 21, 25, 25, 28, 31, 38, 40, 40, 45, 45, 35, 25], [8, 11, 12, 14, 18, 21, 21, 21, 25, 25, 28, 31, 38, 40, 40, 45, 45, 35, 25]]
}
2023-01-04 16:59:55.580347;{0: [8, 11, 12, 14, 18, 21, 21, 21, 25, 25, 28, 31, 38, 40, 40, 45, 45, 35, 25], 1: [8, 11, 12, 14, 18, 21, 21, 21, 25, 25, 28, 31, 38, 40, 40, 45, 45, 35, 25], 2: [8, 11, 12, 14, 18, 21, 21, 21, 25, 25, 28, 31, 38, 40, 40, 45, 45, 35, 25], 3: [8, 11, 12, 14, 18, 21, 21, 21, 25, 25, 28, 31, 38, 40, 40, 45, 45, 35, 25], 4: [8, 11, 12, 14, 18, 21, 21, 21, 25, 25, 28, 31, 38, 40, 40, 45, 45, 35, 25], 5: [8, 11, 12, 14, 18, 21, 21, 21, 25, 25, 28, 31, 38, 40, 40, 45, 45, 35, 25]}
{
	[[8, 11, 12, 14, 18, 21, 21, 21, 25, 25, 28, 31, 38, 40, 40, 45, 45, 35, 25], [8, 11, 12, 14, 18, 21, 21, 21, 25, 25, 28, 31, 38, 40, 40, 45, 45, 35, 25], [8, 11, 12, 14, 18, 21, 21, 21, 25, 25, 28, 31, 38, 40, 40, 45, 45, 35, 25], [8, 11, 12, 14, 18, 21, 21, 21, 25, 25, 28, 31, 38, 40, 40, 45, 45, 35, 25], [8, 11, 12, 14, 18, 21, 21, 21, 25, 25, 28, 31, 38, 40, 40, 45, 45, 35, 25], [8, 11, 12, 14, 18, 21, 21, 21, 25, 25, 28, 31, 38, 40, 40, 45, 45, 35, 25]]
	[[8, 11, 12, 14, 18, 21, 21, 21, 25, 25, 28, 31, 38, 40, 40, 45, 45, 35, 25], [8, 11, 12, 14, 18, 21, 21, 21, 25, 25, 28, 31, 38, 40, 40, 45, 45, 35, 25], [8, 11, 12, 14, 18, 21, 21, 21, 25, 25, 28, 31, 38, 40, 40, 45, 45, 35, 25], [8, 11, 12, 14, 18, 21, 21, 21, 25, 25, 28, 31, 38, 40, 40, 45, 45, 35, 25], [8, 11, 12, 14, 18, 21, 21, 21, 25, 25, 28, 31, 38, 40, 40, 45, 45, 35, 25], [8, 11, 12, 14, 18, 21, 21, 21, 25, 25, 28, 31, 38, 40, 40, 45, 45, 35, 25]]
	[[8, 11, 12, 14, 18, 21, 21, 21, 25, 25, 28, 31, 38, 40, 40, 45, 45, 35, 25], [8, 11, 12, 14, 18, 21, 21, 21, 25, 25, 28, 31, 38, 40, 40, 45, 45, 35, 25], [8, 11, 12, 14, 18, 21, 21, 21, 25, 25, 28, 31, 38, 40, 40, 45, 45, 35, 25], [8, 11, 12, 14, 18, 21, 21, 21, 25, 25, 28, 31, 38, 40, 40, 45, 45, 35, 25], [8, 11, 12, 14, 18, 21, 21, 21, 25, 25, 28, 31, 38, 40, 40, 45, 45, 35, 25], [8, 11, 12, 14, 18, 21, 21, 21, 25, 25, 28, 31, 38, 40, 40, 45, 45, 35, 25]]
	[[8, 11, 12, 14, 18, 21, 21, 21, 25, 25, 28, 31, 38, 40, 40, 45, 45, 35, 25], [8, 11, 12, 14, 18, 21, 21, 21, 25, 25, 28, 31, 38, 40, 40, 45, 45, 35, 25], [8, 11, 12, 14, 18, 21, 21, 21, 25, 25, 28, 31, 38, 40, 40, 45, 45, 35, 25], [8, 11, 12, 14, 18, 21, 21, 21, 25, 25, 28, 31, 38, 40, 40, 45, 45, 35, 25], [8, 11, 12, 14, 18, 21, 21, 21, 25, 25, 28, 31, 38, 40, 40, 45, 45, 35, 25], [8, 11, 12, 14, 18, 21, 21, 21, 25, 25, 28, 31, 38, 40, 40, 45, 45, 35, 25]]
	[[8, 11, 12, 14, 18, 21, 21, 21, 25, 25, 28, 31, 38, 40, 40, 45, 45, 35, 25], [8, 11, 12, 14, 18, 21, 21, 21, 25, 25, 28, 31, 38, 40, 40, 45, 45, 35, 25], [8, 11, 12, 14, 18, 21, 21, 21, 25, 25, 28, 31, 38, 40, 40, 45, 45, 35, 25], [8, 11, 12, 14, 18, 21, 21, 21, 25, 25, 28, 31, 38, 40, 40, 45, 45, 35, 25], [8, 11, 12, 14, 18, 21, 21, 21, 25, 25, 28, 31, 38, 40, 40, 45, 45, 35, 25], [8, 11, 12, 14, 18, 21, 21, 21, 25, 25, 28, 31, 38, 40, 40, 45, 45, 35, 25]]
	[[8, 11, 12, 14, 18, 21, 21, 21, 25, 25, 28, 31, 38, 40, 40, 45, 45, 35, 25], [8, 11, 12, 14, 18, 21, 21, 21, 25, 25, 28, 31, 38, 40, 40, 45, 45, 35, 25], [8, 11, 12, 14, 18, 21, 21, 21, 25, 25, 28, 31, 38, 40, 40, 45, 45, 35, 25], [8, 11, 12, 14, 18, 21, 21, 21, 25, 25, 28, 31, 38, 40, 40, 45, 45, 35, 25], [8, 11, 12, 14, 18, 21, 21, 21, 25, 25, 28, 31, 38, 40, 40, 45, 45, 35, 25], [8, 11, 12, 14, 18, 21, 21, 21, 25, 25, 28, 31, 38, 40, 40, 45, 45, 35, 25]]
}
2023-01-04 17:00:33.471647;{0: [8, 11, 12, 14, 18, 21, 21, 21, 25, 25, 28, 31, 38, 40, 40, 45, 45, 35, 25], 1: [8, 11, 12, 14, 18, 21, 21, 21, 25, 25, 28, 31, 38, 40, 40, 45, 45, 35, 25], 2: [8, 11, 12, 14, 18, 21, 21, 21, 25, 25, 28, 31, 38, 40, 40, 45, 45, 35, 25], 3: [8, 11, 12, 14, 18, 21, 21, 21, 25, 25, 28, 31, 38, 40, 40, 45, 45, 35, 25], 4: [8, 11, 12, 14, 18, 21, 21, 21, 25, 25, 28, 31, 38, 40, 40, 45, 45, 35, 25], 5: [8, 11, 12, 14, 18, 21, 21, 21, 25, 25, 28, 31, 38, 40, 40, 45, 45, 35, 25]}
{
	[[8, 11, 12, 14, 18, 21, 21, 21, 25, 25, 28, 31, 38, 40, 40, 45, 45, 35, 25], [8, 11, 12, 14, 18, 21, 21, 21, 25, 25, 28, 31, 38, 40, 40, 45, 45, 35, 25], [8, 11, 12, 14, 18, 21, 21, 21, 25, 25, 28, 31, 38, 40, 40, 45, 45, 35, 25], [8, 11, 12, 14, 18, 21, 21, 21, 25, 25, 28, 31, 38, 40, 40, 45, 45, 35, 25], [8, 11, 12, 14, 18, 21, 21, 21, 25, 25, 28, 31, 38, 40, 40, 45, 45, 35, 25], [8, 11, 12, 14, 18, 21, 21, 21, 25, 25, 28, 31, 38, 40, 40, 45, 45, 35, 25]]
	[[8, 11, 12, 14, 18, 21, 21, 21, 25, 25, 28, 31, 38, 40, 40, 45, 45, 35, 25], [8, 11, 12, 14, 18, 21, 21, 21, 25, 25, 28, 31, 38, 40, 40, 45, 45, 35, 25], [8, 11, 12, 14, 18, 21, 21, 21, 25, 25, 28, 31, 38, 40, 40, 45, 45, 35, 25], [8, 11, 12, 14, 18, 21, 21, 21, 25, 25, 28, 31, 38, 40, 40, 45, 45, 35, 25], [8, 11, 12, 14, 18, 21, 21, 21, 25, 25, 28, 31, 38, 40, 40, 45, 45, 35, 25], [8, 11, 12, 14, 18, 21, 21, 21, 25, 25, 28, 31, 38, 40, 40, 45, 45, 35, 25]]
	[[8, 11, 12, 14, 18, 21, 21, 21, 25, 25, 28, 31, 38, 40, 40, 45, 45, 35, 25], [8, 11, 12, 14, 18, 21, 21, 21, 25, 25, 28, 31, 38, 40, 40, 45, 45, 35, 25], [8, 11, 12, 14, 18, 21, 21, 21, 25, 25, 28, 31, 38, 40, 40, 45, 45, 35, 25], [8, 11, 12, 14, 18, 21, 21, 21, 25, 25, 28, 31, 38, 40, 40, 45, 45, 35, 25], [8, 11, 12, 14, 18, 21, 21, 21, 25, 25, 28, 31, 38, 40, 40, 45, 45, 35, 25], [8, 11, 12, 14, 18, 21, 21, 21, 25, 25, 28, 31, 38, 40, 40, 45, 45, 35, 25]]
	[[8, 11, 12, 14, 18, 21, 21, 21, 25, 25, 28, 31, 38, 40, 40, 45, 45, 35, 25], [8, 11, 12, 14, 18, 21, 21, 21, 25, 25, 28, 31, 38, 40, 40, 45, 45, 35, 25], [8, 11, 12, 14, 18, 21, 21, 21, 25, 25, 28, 31, 38, 40, 40, 45, 45, 35, 25], [8, 11, 12, 14, 18, 21, 21, 21, 25, 25, 28, 31, 38, 40, 40, 45, 45, 35, 25], [8, 11, 12, 14, 18, 21, 21, 21, 25, 25, 28, 31, 38, 40, 40, 45, 45, 35, 25], [8, 11, 12, 14, 18, 21, 21, 21, 25, 25, 28, 31, 38, 40, 40, 45, 45, 35, 25]]
	[[8, 11, 12, 14, 18, 21, 21, 21, 25, 25, 28, 31, 38, 40, 40, 45, 45, 35, 25], [8, 11, 12, 14, 18, 21, 21, 21, 25, 25, 28, 31, 38, 40, 40, 45, 45, 35, 25], [8, 11, 12, 14, 18, 21, 21, 21, 25, 25, 28, 31, 38, 40, 40, 45, 45, 35, 25], [8, 11, 12, 14, 18, 21, 21, 21, 25, 25, 28, 31, 38, 40, 40, 45, 45, 35, 25], [8, 11, 12, 14, 18, 21, 21, 21, 25, 25, 28, 31, 38, 40, 40, 45, 45, 35, 25], [8, 11, 12, 14, 18, 21, 21, 21, 25, 25, 28, 31, 38, 40, 40, 45, 45, 35, 25]]
	[[8, 11, 12, 14, 18, 21, 21, 21, 25, 25, 28, 31, 38, 40, 40, 45, 45, 35, 25], [8, 11, 12, 14, 18, 21, 21, 21, 25, 25, 28, 31, 38, 40, 40, 45, 45, 35, 25], [8, 11, 12, 14, 18, 21, 21, 21, 25, 25, 28, 31, 38, 40, 40, 45, 45, 35, 25], [8, 11, 12, 14, 18, 21, 21, 21, 25, 25, 28, 31, 38, 40, 40, 45, 45, 35, 25], [8, 11, 12, 14, 18, 21, 21, 21, 25, 25, 28, 31, 38, 40, 40, 45, 45, 35, 25], [8, 11, 12, 14, 18, 21, 21, 21, 25, 25, 28, 31, 38, 40, 40, 45, 45, 35, 25]]
}
2023-01-04 18:27:51.774732;{0: [8, 11, 12, 14, 18, 21, 21, 21, 25, 25, 28, 31, 38, 40, 40, 45, 45, 35, 25], 1: [8, 11, 12, 14, 18, 21, 21, 21, 25, 25, 28, 31, 38, 40, 40, 45, 45, 35, 25], 2: [8, 11, 12, 14, 18, 21, 21, 21, 25, 25, 28, 31, 38, 40, 40, 45, 45, 35, 25], 3: [8, 11, 12, 14, 18, 21, 21, 21, 25, 25, 28, 31, 38, 40, 40, 45, 45, 35, 25], 4: [8, 11, 12, 14, 18, 21, 21, 21, 25, 25, 28, 31, 38, 40, 40, 45, 45, 35, 25], 5: [8, 11, 12, 14, 18, 21, 21, 21, 25, 25, 28, 31, 38, 40, 40, 45, 45, 35, 25]}
{
	[[8, 11, 12, 14, 18, 21, 21, 21, 25, 25, 28, 31, 38, 40, 40, 45, 45, 35, 25], [8, 11, 12, 14, 18, 21, 21, 21, 25, 25, 28, 31, 38, 40, 40, 45, 45, 35, 25], [8, 11, 12, 14, 18, 21, 21, 21, 25, 25, 28, 31, 38, 40, 40, 45, 45, 35, 25], [8, 11, 12, 14, 18, 21, 21, 21, 25, 25, 28, 31, 38, 40, 40, 45, 45, 35, 25], [8, 11, 12, 14, 18, 21, 21, 21, 25, 25, 28, 31, 38, 40, 40, 45, 45, 35, 25], [8, 11, 12, 14, 18, 21, 21, 21, 25, 25, 28, 31, 38, 40, 40, 45, 45, 35, 25]]
	[[8, 11, 12, 14, 18, 21, 21, 21, 25, 25, 28, 31, 38, 40, 40, 45, 45, 35, 25], [8, 11, 12, 14, 18, 21, 21, 21, 25, 25, 28, 31, 38, 40, 40, 45, 45, 35, 25], [8, 11, 12, 14, 18, 21, 21, 21, 25, 25, 28, 31, 38, 40, 40, 45, 45, 35, 25], [8, 11, 12, 14, 18, 21, 21, 21, 25, 25, 28, 31, 38, 40, 40, 45, 45, 35, 25], [8, 11, 12, 14, 18, 21, 21, 21, 25, 25, 28, 31, 38, 40, 40, 45, 45, 35, 25], [8, 11, 12, 14, 18, 21, 21, 21, 25, 25, 28, 31, 38, 40, 40, 45, 45, 35, 25]]
	[[8, 11, 12, 14, 18, 21, 21, 21, 25, 25, 28, 31, 38, 40, 40, 45, 45, 35, 25], [8, 11, 12, 14, 18, 21, 21, 21, 25, 25, 28, 31, 38, 40, 40, 45, 45, 35, 25], [8, 11, 12, 14, 18, 21, 21, 21, 25, 25, 28, 31, 38, 40, 40, 45, 45, 35, 25], [8, 11, 12, 14, 18, 21, 21, 21, 25, 25, 28, 31, 38, 40, 40, 45, 45, 35, 25], [8, 11, 12, 14, 18, 21, 21, 21, 25, 25, 28, 31, 38, 40, 40, 45, 45, 35, 25], [8, 11, 12, 14, 18, 21, 21, 21, 25, 25, 28, 31, 38, 40, 40, 45, 45, 35, 25]]
	[[8, 11, 12, 14, 18, 21, 21, 21, 25, 25, 28, 31, 38, 40, 40, 45, 45, 35, 25], [8, 11, 12, 14, 18, 21, 21, 21, 25, 25, 28, 31, 38, 40, 40, 45, 45, 35, 25], [8, 11, 12, 14, 18, 21, 21, 21, 25, 25, 28, 31, 38, 40, 40, 45, 45, 35, 25], [8, 11, 12, 14, 18, 21, 21, 21, 25, 25, 28, 31, 38, 40, 40, 45, 45, 35, 25], [8, 11, 12, 14, 18, 21, 21, 21, 25, 25, 28, 31, 38, 40, 40, 45, 45, 35, 25], [8, 11, 12, 14, 18, 21, 21, 21, 25, 25, 28, 31, 38, 40, 40, 45, 45, 35, 25]]
	[[8, 11, 12, 14, 18, 21, 21, 21, 25, 25, 28, 31, 38, 40, 40, 45, 45, 35, 25], [8, 11, 12, 14, 18, 21, 21, 21, 25, 25, 28, 31, 38, 40, 40, 45, 45, 35, 25], [8, 11, 12, 14, 18, 21, 21, 21, 25, 25, 28, 31, 38, 40, 40, 45, 45, 35, 25], [8, 11, 12, 14, 18, 21, 21, 21, 25, 25, 28, 31, 38, 40, 40, 45, 45, 35, 25], [8, 11, 12, 14, 18, 21, 21, 21, 25, 25, 28, 31, 38, 40, 40, 45, 45, 35, 25], [8, 11, 12, 14, 18, 21, 21, 21, 25, 25, 28, 31, 38, 40, 40, 45, 45, 35, 25]]
	[[8, 11, 12, 14, 18, 21, 21, 21, 25, 25, 28, 31, 38, 40, 40, 45, 45, 35, 25], [8, 11, 12, 14, 18, 21, 21, 21, 25, 25, 28, 31, 38, 40, 40, 45, 45, 35, 25], [8, 11, 12, 14, 18, 21, 21, 21, 25, 25, 28, 31, 38, 40, 40, 45, 45, 35, 25], [8, 11, 12, 14, 18, 21, 21, 21, 25, 25, 28, 31, 38, 40, 40, 45, 45, 35, 25], [8, 11, 12, 14, 18, 21, 21, 21, 25, 25, 28, 31, 38, 40, 40, 45, 45, 35, 25], [8, 11, 12, 14, 18, 21, 21, 21, 25, 25, 28, 31, 38, 40, 40, 45, 45, 35, 25]]
}
