2023-01-05 19:09:54.973286;{0: [8, 11, 12, 14, 18, 21, 21, 21, 25, 25, 28, 31, 38, 40, 40, 45, 45, 35, 25], 1: [8, 11, 12, 14, 18, 21, 21, 21, 25, 25, 28, 31, 38, 40, 40, 45, 45, 35, 25], 2: [8, 11, 12, 14, 18, 21, 21, 21, 25, 25, 28, 31, 38, 40, 40, 45, 45, 35, 25], 3: [8, 11, 12, 14, 18, 21, 21, 21, 25, 25, 28, 31, 38, 40, 40, 45, 45, 35, 25], 4: [8, 11, 12, 14, 18, 21, 21, 21, 25, 25, 28, 31, 38, 40, 40, 45, 45, 35, 25], 5: [8, 11, 12, 14, 18, 21, 21, 21, 25, 25, 28, 31, 38, 40, 40, 45, 45, 35, 25]}
[{'default': 1.2466666666666668, 'fixed': 0.802139037433155}, {'default': 1.2466666666666668, 'fixed': 0.802139037433155}, {'default': 1.2466666666666668, 'fixed': 0.802139037433155}, {'default': 1.2466666666666668, 'fixed': 0.802139037433155}, {'default': 1.2466666666666668, 'fixed': 0.802139037433155}, {'default': 1.2466666666666668, 'fixed': 0.802139037433155}]{
	[[8, 11, 12, 14, 18, 21, 21, 21, 25, 25, 28, 31, 38, 40, 40, 45, 45, 35, 25], [8, 11, 12, 14, 18, 21, 21, 21, 25, 25, 28, 31, 38, 40, 40, 45, 45, 35, 25], [8, 11, 12, 14, 18, 21, 21, 21, 25, 25, 28, 31, 38, 40, 40, 45, 45, 35, 25], [8, 11, 12, 14, 18, 21, 21, 21, 25, 25, 28, 31, 38, 40, 40, 45, 45, 35, 25], [8, 11, 12, 14, 18, 21, 21, 21, 25, 25, 28, 31, 38, 40, 40, 45, 45, 35, 25], [8, 11, 12, 14, 18, 21, 21, 21, 25, 25, 28, 31, 38, 40, 40, 45, 45, 35, 25]]
	[[8, 11, 12, 14, 18, 21, 21, 21, 25, 25, 28, 31, 38, 40, 40, 45, 45, 35, 25], [8, 11, 12, 14, 18, 21, 21, 21, 25, 25, 28, 31, 38, 40, 40, 45, 45, 35, 25], [8, 11, 12, 14, 18, 21, 21, 21, 25, 25, 28, 31, 38, 40, 40, 45, 45, 35, 25], [8, 11, 12, 14, 18, 21, 21, 21, 25, 25, 28, 31, 38, 40, 40, 45, 45, 35, 25], [8, 11, 12, 14, 18, 21, 21, 21, 25, 25, 28, 31, 38, 40, 40, 45, 45, 35, 25], [8, 11, 12, 14, 18, 21, 21, 21, 25, 25, 28, 31, 38, 40, 40, 45, 45, 35, 25]]
	[[8, 11, 12, 14, 18, 21, 21, 21, 25, 25, 28, 31, 38, 40, 40, 45, 45, 35, 25], [8, 11, 12, 14, 18, 21, 21, 21, 25, 25, 28, 31, 38, 40, 40, 45, 45, 35, 25], [8, 11, 12, 14, 18, 21, 21, 21, 25, 25, 28, 31, 38, 40, 40, 45, 45, 35, 25], [8, 11, 12, 14, 18, 21, 21, 21, 25, 25, 28, 31, 38, 40, 40, 45, 45, 35, 25], [8, 11, 12, 14, 18, 21, 21, 21, 25, 25, 28, 31, 38, 40, 40, 45, 45, 35, 25], [8, 11, 12, 14, 18, 21, 21, 21, 25, 25, 28, 31, 38, 40, 40, 45, 45, 35, 25]]
	[[8, 11, 12, 14, 18, 21, 21, 21, 25, 25, 28, 31, 38, 40, 40, 45, 45, 35, 25], [8, 11, 12, 14, 18, 21, 21, 21, 25, 25, 28, 31, 38, 40, 40, 45, 45, 35, 25], [8, 11, 12, 14, 18, 21, 21, 21, 25, 25, 28, 31, 38, 40, 40, 45, 45, 35, 25], [8, 11, 12, 14, 18, 21, 21, 21, 25, 25, 28, 31, 38, 40, 40, 45, 45, 35, 25], [8, 11, 12, 14, 18, 21, 21, 21, 25, 25, 28, 31, 38, 40, 40, 45, 45, 35, 25], [8, 11, 12, 14, 18, 21, 21, 21, 25, 25, 28, 31, 38, 40, 40, 45, 45, 35, 25]]
	[[8, 11, 12, 14, 18, 21, 21, 21, 25, 25, 28, 31, 38, 40, 40, 45, 45, 35, 25], [8, 11, 12, 14, 18, 21, 21, 21, 25, 25, 28, 31, 38, 40, 40, 45, 45, 35, 25], [8, 11, 12, 14, 18, 21, 21, 21, 25, 25, 28, 31, 38, 40, 40, 45, 45, 35, 25], [8, 11, 12, 14, 18, 21, 21, 21, 25, 25, 28, 31, 38, 40, 40, 45, 45, 35, 25], [8, 11, 12, 14, 18, 21, 21, 21, 25, 25, 28, 31, 38, 40, 40, 45, 45, 35, 25], [8, 11, 12, 14, 18, 21, 21, 21, 25, 25, 28, 31, 38, 40, 40, 45, 45, 35, 25]]
	[[8, 11, 12, 14, 18, 21, 21, 21, 25, 25, 28, 31, 38, 40, 40, 45, 45, 35, 25], [8, 11, 12, 14, 18, 21, 21, 21, 25, 25, 28, 31, 38, 40, 40, 45, 45, 35, 25], [8, 11, 12, 14, 18, 21, 21, 21, 25, 25, 28, 31, 38, 40, 40, 45, 45, 35, 25], [8, 11, 12, 14, 18, 21, 21, 21, 25, 25, 28, 31, 38, 40, 40, 45, 45, 35, 25], [8, 11, 12, 14, 18, 21, 21, 21, 25, 25, 28, 31, 38, 40, 40, 45, 45, 35, 25], [8, 11, 12, 14, 18, 21, 21, 21, 25, 25, 28, 31, 38, 40, 40, 45, 45, 35, 25]]
}
2023-01-05 19:10:57.366337;{0: [8, 11, 12, 14, 18, 21, 21, 21, 25, 25, 28, 31, 38, 40, 40, 45, 45, 35, 25], 1: [8, 11, 12, 14, 18, 21, 21, 21, 25, 25, 28, 31, 38, 40, 40, 45, 45, 35, 25], 2: [8, 11, 12, 14, 18, 21, 21, 21, 25, 25, 28, 31, 38, 40, 40, 45, 45, 35, 25], 3: [8, 11, 12, 14, 18, 21, 21, 21, 25, 25, 28, 31, 38, 40, 40, 45, 45, 35, 25], 4: [8, 11, 12, 14, 18, 21, 21, 21, 25, 25, 28, 31, 38, 40, 40, 45, 45, 35, 25], 5: [8, 11, 12, 14, 18, 21, 21, 21, 25, 25, 28, 31, 38, 40, 40, 45, 45, 35, 25]}
[{'default': 1.2466666666666668, 'fixed': 0.802139037433155}, {'default': 1, 'fixed': 1}, {'default': 1, 'fixed': 1}, {'default': 1, 'fixed': 1}, {'default': 1, 'fixed': 1}, {'default': 1, 'fixed': 1}]{
	[[8, 11, 12, 14, 18, 21, 21, 21, 25, 25, 28, 31, 38, 40, 40, 45, 45, 35, 25], [8, 11, 12, 14, 18, 21, 21, 21, 25, 25, 28, 31, 38, 40, 40, 45, 45, 35, 25], [8, 11, 12, 14, 18, 21, 21, 21, 25, 25, 28, 31, 38, 40, 40, 45, 45, 35, 25], [8, 11, 12, 14, 18, 21, 21, 21, 25, 25, 28, 31, 38, 40, 40, 45, 45, 35, 25], [8, 11, 12, 14, 18, 21, 21, 21, 25, 25, 28, 31, 38, 40, 40, 45, 45, 35, 25], [8, 11, 12, 14, 18, 21, 21, 21, 25, 25, 28, 31, 38, 40, 40, 45, 45, 35, 25]]
	[[8, 11, 12, 14, 18, 21, 21, 21, 25, 25, 28, 31, 38, 40, 40, 45, 45, 35, 25], [8, 11, 12, 14, 18, 21, 21, 21, 25, 25, 28, 31, 38, 40, 40, 45, 45, 35, 25], [8, 11, 12, 14, 18, 21, 21, 21, 25, 25, 28, 31, 38, 40, 40, 45, 45, 35, 25], [8, 11, 12, 14, 18, 21, 21, 21, 25, 25, 28, 31, 38, 40, 40, 45, 45, 35, 25], [8, 11, 12, 14, 18, 21, 21, 21, 25, 25, 28, 31, 38, 40, 40, 45, 45, 35, 25], [8, 11, 12, 14, 18, 21, 21, 21, 25, 25, 28, 31, 38, 40, 40, 45, 45, 35, 25]]
	[[8, 11, 12, 14, 18, 21, 21, 21, 25, 25, 28, 31, 38, 40, 40, 45, 45, 35, 25], [8, 11, 12, 14, 18, 21, 21, 21, 25, 25, 28, 31, 38, 40, 40, 45, 45, 35, 25], [8, 11, 12, 14, 18, 21, 21, 21, 25, 25, 28, 31, 38, 40, 40, 45, 45, 35, 25], [8, 11, 12, 14, 18, 21, 21, 21, 25, 25, 28, 31, 38, 40, 40, 45, 45, 35, 25], [8, 11, 12, 14, 18, 21, 21, 21, 25, 25, 28, 31, 38, 40, 40, 45, 45, 35, 25], [8, 11, 12, 14, 18, 21, 21, 21, 25, 25, 28, 31, 38, 40, 40, 45, 45, 35, 25]]
	[[8, 11, 12, 14, 18, 21, 21, 21, 25, 25, 28, 31, 38, 40, 40, 45, 45, 35, 25], [8, 11, 12, 14, 18, 21, 21, 21, 25, 25, 28, 31, 38, 40, 40, 45, 45, 35, 25], [8, 11, 12, 14, 18, 21, 21, 21, 25, 25, 28, 31, 38, 40, 40, 45, 45, 35, 25], [8, 11, 12, 14, 18, 21, 21, 21, 25, 25, 28, 31, 38, 40, 40, 45, 45, 35, 25], [8, 11, 12, 14, 18, 21, 21, 21, 25, 25, 28, 31, 38, 40, 40, 45, 45, 35, 25], [8, 11, 12, 14, 18, 21, 21, 21, 25, 25, 28, 31, 38, 40, 40, 45, 45, 35, 25]]
	[[8, 11, 12, 14, 18, 21, 21, 21, 25, 25, 28, 31, 38, 40, 40, 45, 45, 35, 25], [8, 11, 12, 14, 18, 21, 21, 21, 25, 25, 28, 31, 38, 40, 40, 45, 45, 35, 25], [8, 11, 12, 14, 18, 21, 21, 21, 25, 25, 28, 31, 38, 40, 40, 45, 45, 35, 25], [8, 11, 12, 14, 18, 21, 21, 21, 25, 25, 28, 31, 38, 40, 40, 45, 45, 35, 25], [8, 11, 12, 14, 18, 21, 21, 21, 25, 25, 28, 31, 38, 40, 40, 45, 45, 35, 25], [8, 11, 12, 14, 18, 21, 21, 21, 25, 25, 28, 31, 38, 40, 40, 45, 45, 35, 25]]
	[[8, 11, 12, 14, 18, 21, 21, 21, 25, 25, 28, 31, 38, 40, 40, 45, 45, 35, 25], [8, 11, 12, 14, 18, 21, 21, 21, 25, 25, 28, 31, 38, 40, 40, 45, 45, 35, 25], [8, 11, 12, 14, 18, 21, 21, 21, 25, 25, 28, 31, 38, 40, 40, 45, 45, 35, 25], [8, 11, 12, 14, 18, 21, 21, 21, 25, 25, 28, 31, 38, 40, 40, 45, 45, 35, 25], [8, 11, 12, 14, 18, 21, 21, 21, 25, 25, 28, 31, 38, 40, 40, 45, 45, 35, 25], [8, 11, 12, 14, 18, 21, 21, 21, 25, 25, 28, 31, 38, 40, 40, 45, 45, 35, 25]]
}
2023-01-08 23:28:41.636539;{0: [8, 11, 12, 14, 18, 21, 21, 21, 25, 25, 28, 31, 38, 40, 40, 45, 45, 35, 25], 1: [8, 11, 12, 14, 18, 21, 21, 21, 25, 25, 28, 31, 38, 40, 40, 45, 45, 35, 25], 2: [8, 11, 12, 14, 18, 21, 21, 21, 25, 25, 28, 31, 38, 40, 40, 45, 45, 35, 25], 3: [8, 11, 12, 14, 18, 21, 21, 21, 25, 25, 28, 31, 38, 40, 40, 45, 45, 35, 25], 4: [8, 11, 12, 14, 18, 21, 21, 21, 25, 25, 28, 31, 38, 40, 40, 45, 45, 35, 25], 5: [8, 11, 12, 14, 18, 21, 21, 21, 25, 25, 28, 31, 38, 40, 40, 45, 45, 35, 25]}
[{'default': 1.2466666666666668, 'fixed': 0.802139037433155}, {'default': 1, 'fixed': 1}, {'default': 1, 'fixed': 1}, {'default': 1, 'fixed': 1}, {'default': 1, 'fixed': 1}, {'default': 1, 'fixed': 1}]{
	[[8, 11, 12, 14, 18, 21, 21, 21, 25, 25, 28, 31, 38, 40, 40, 45, 45, 35, 25], [8, 11, 12, 14, 18, 21, 21, 21, 25, 25, 28, 31, 38, 40, 40, 45, 45, 35, 25], [8, 11, 12, 14, 18, 21, 21, 21, 25, 25, 28, 31, 38, 40, 40, 45, 45, 35, 25], [8, 11, 12, 14, 18, 21, 21, 21, 25, 25, 28, 31, 38, 40, 40, 45, 45, 35, 25], [8, 11, 12, 14, 18, 21, 21, 21, 25, 25, 28, 31, 38, 40, 40, 45, 45, 35, 25], [8, 11, 12, 14, 18, 21, 21, 21, 25, 25, 28, 31, 38, 40, 40, 45, 45, 35, 25]]
	[[8, 11, 12, 14, 18, 21, 21, 21, 25, 25, 28, 31, 38, 40, 40, 45, 45, 35, 25], [8, 11, 12, 14, 18, 21, 21, 21, 25, 25, 28, 31, 38, 40, 40, 45, 45, 35, 25], [8, 11, 12, 14, 18, 21, 21, 21, 25, 25, 28, 31, 38, 40, 40, 45, 45, 35, 25], [8, 11, 12, 14, 18, 21, 21, 21, 25, 25, 28, 31, 38, 40, 40, 45, 45, 35, 25], [8, 11, 12, 14, 18, 21, 21, 21, 25, 25, 28, 31, 38, 40, 40, 45, 45, 35, 25], [8, 11, 12, 14, 18, 21, 21, 21, 25, 25, 28, 31, 38, 40, 40, 45, 45, 35, 25]]
	[[8, 11, 12, 14, 18, 21, 21, 21, 25, 25, 28, 31, 38, 40, 40, 45, 45, 35, 25], [8, 11, 12, 14, 18, 21, 21, 21, 25, 25, 28, 31, 38, 40, 40, 45, 45, 35, 25], [8, 11, 12, 14, 18, 21, 21, 21, 25, 25, 28, 31, 38, 40, 40, 45, 45, 35, 25], [8, 11, 12, 14, 18, 21, 21, 21, 25, 25, 28, 31, 38, 40, 40, 45, 45, 35, 25], [8, 11, 12, 14, 18, 21, 21, 21, 25, 25, 28, 31, 38, 40, 40, 45, 45, 35, 25], [8, 11, 12, 14, 18, 21, 21, 21, 25, 25, 28, 31, 38, 40, 40, 45, 45, 35, 25]]
	[[8, 11, 12, 14, 18, 21, 21, 21, 25, 25, 28, 31, 38, 40, 40, 45, 45, 35, 25], [8, 11, 12, 14, 18, 21, 21, 21, 25, 25, 28, 31, 38, 40, 40, 45, 45, 35, 25], [8, 11, 12, 14, 18, 21, 21, 21, 25, 25, 28, 31, 38, 40, 40, 45, 45, 35, 25], [8, 11, 12, 14, 18, 21, 21, 21, 25, 25, 28, 31, 38, 40, 40, 45, 45, 35, 25], [8, 11, 12, 14, 18, 21, 21, 21, 25, 25, 28, 31, 38, 40, 40, 45, 45, 35, 25], [8, 11, 12, 14, 18, 21, 21, 21, 25, 25, 28, 31, 38, 40, 40, 45, 45, 35, 25]]
	[[8, 11, 12, 14, 18, 21, 21, 21, 25, 25, 28, 31, 38, 40, 40, 45, 45, 35, 25], [8, 11, 12, 14, 18, 21, 21, 21, 25, 25, 28, 31, 38, 40, 40, 45, 45, 35, 25], [8, 11, 12, 14, 18, 21, 21, 21, 25, 25, 28, 31, 38, 40, 40, 45, 45, 35, 25], [8, 11, 12, 14, 18, 21, 21, 21, 25, 25, 28, 31, 38, 40, 40, 45, 45, 35, 25], [8, 11, 12, 14, 18, 21, 21, 21, 25, 25, 28, 31, 38, 40, 40, 45, 45, 35, 25], [8, 11, 12, 14, 18, 21, 21, 21, 25, 25, 28, 31, 38, 40, 40, 45, 45, 35, 25]]
	[[8, 11, 12, 14, 18, 21, 21, 21, 25, 25, 28, 31, 38, 40, 40, 45, 45, 35, 25], [8, 11, 12, 14, 18, 21, 21, 21, 25, 25, 28, 31, 38, 40, 40, 45, 45, 35, 25], [8, 11, 12, 14, 18, 21, 21, 21, 25, 25, 28, 31, 38, 40, 40, 45, 45, 35, 25], [8, 11, 12, 14, 18, 21, 21, 21, 25, 25, 28, 31, 38, 40, 40, 45, 45, 35, 25], [8, 11, 12, 14, 18, 21, 21, 21, 25, 25, 28, 31, 38, 40, 40, 45, 45, 35, 25], [8, 11, 12, 14, 18, 21, 21, 21, 25, 25, 28, 31, 38, 40, 40, 45, 45, 35, 25]]
}
