
- section: "initialisation"
	NEW SENDTOSERVO()
angles with offset added: 90 115 135 90 115 90

mode: 0  totalTime[sec]:0.00
 new: 72.19 100.66 130.12 93.11 115.00 90.00 
 old: 0.00 0.00 0.00 0.00 0.00 0.00 
received: 72 100 130 93 115 90 

- section: "slow start"
	NEW SENDTOSERVO()
angles with offset added: 90 135 95 90 110 90

mode: 2  totalTime[sec]:2.00
 new: 72.19 114.87 93.00 93.11 110.00 90.00 
 old: 45.00 25.00 160.00 45.00 180.00 180.00 
 - new:  72   old:  45   s_diff[0]:  27.19
 - new: 114   old:  25   s_diff[1]:  89.87
 - new:  93   old: 160   s_diff[2]: -67.00
 - new:  93   old:  45   s_diff[3]:  48.11
 - new: 110   old: 180   s_diff[4]: -70.00
 - new:  90   old: 180   s_diff[5]: -90.00
total_iteration:89
 45  25 160  45 180 180 ----------
 45  25 160  45 180 180 ----------
 45  25 160  45 180 180 ----------
 45  25 160  45 180 180 ----------
 45  25 160  45 180 180 ----------
 45  26 160  45 180 179 ----------
 45  26 159  45 179 179 ----------
 45  26 159  46 179 179 ----------
 45  26 159  46 179 179 ----------
 46  27 159  46 179 178 ----------
 46  27 158  46 178 178 ----------
 46  28 158  46 178 177 ----------
 46  28 158  47 177 177 ----------
 46  29 157  47 177 176 ----------
 46  29 157  47 177 176 ----------
 47  30 156  48 176 175 ----------
 47  31 156  48 175 174 ----------
 47  32 155  49 175 173 ----------
 47  32 155  49 174 173 ----------
 47  33 154  49 174 172 ----------
 48  34 153  50 173 171 ----------
 48  35 153  50 172 170 ----------
 48  36 152  51 171 169 ----------
 49  37 151  51 171 168 ----------
 49  38 150  52 170 167 ----------
 49  39 149  53 169 166 ----------
 50  40 149  53 168 165 ----------
 50  42 148  54 167 163 ----------
 50  43 147  55 166 162 ----------
 51  44 146  55 165 161 ----------
 51  45 145  56 164 160 ----------
 52  47 144  57 163 158 ----------
 52  48 143  57 162 157 ----------
 52  50 142  58 161 155 ----------
 53  51 140  59 160 154 ----------
 53  53 139  60 158 152 ----------
 54  54 138  61 157 151 ----------
 54  56 137  62 156 149 ----------
 55  58 136  63 154 147 ----------
 55  60 134  63 153 145 ----------
 56  61 133  64 152 144 ----------
 57  63 132  65 150 142 ----------
 57  65 130  66 149 140 ----------
 58  67 129  67 147 138 ----------
 58  69 127  69 146 136 ----------
 59  71 126  70 144 134 ----------
 59  73 124  71 143 132 ----------
 60  75 123  72 141 130 ----------
 61  77 121  73 140 128 ----------
 61  79 120  74 138 126 ----------
 62  80 119  75 137 125 ----------
 62  82 117  76 136 123 ----------
 63  84 116  76 134 121 ----------
 63  85 115  77 133 119 ----------
 64  87 114  78 132 118 ----------
 64  89 113  79 130 116 ----------
 65  90 111  80 129 115 ----------
 65  92 110  81 128 113 ----------
 66  93 109  81 127 112 ----------
 66  94 108  82 126 110 ----------
 66  96 107  83 125 109 ----------
 67  97 106  84 124 108 ----------
 67  98 105  84 123 107 ----------
 68 100 104  85 122 105 ----------
 68 101 104  86 121 104 ----------
 68 102 103  86 120 103 ----------
 69 103 102  87 119 102 ----------
 69 104 101  87 119 101 ----------
 69 105 100  88 118 100 ----------
 69 106 100  88 117  99 ----------
 70 107  99  89 116  98 ----------
 70 108  98  89 116  97 ----------
 70 108  98  90 115  97 ----------
 70 109  97  90 115  96 ----------
 71 110  97  90 114  95 ----------
 71 110  96  91 113  94 ----------
 71 111  96  91 113  94 ----------
 71 112  95  91 113  93 ----------
 71 112  95  92 112  93 ----------
 72 113  95  92 112  92 ----------
 72 113  94  92 111  92 ----------
 72 113  94  92 111  91 ----------
 72 114  94  93 111  91 ----------
 72 114  94  93 111  91 ----------
 72 114  93  93 110  91 ----------
 72 115  93  93 110  90 ----------
 72 115  93  93 110  90 ----------
 72 115  93  93 110  90 ----------
received: 72 114 93 93 110 90 

- section: "crash"
	NEW SENDTOSERVO()
angles with offset added: 135 0 90 180 0 90

	-servo q[3] exceeded: over

mode: 0  totalTime[sec]:0.00
 new: 108.29 25.66 88.38 180.00 0.00 90.00 
 old: 72.17 114.78 93.07 93.06 110.07 90.09 
received: 108 25 88 180 0 90 

- section: "closing"
	NEW SENDTOSERVO()
angles with offset added: 90 115 135 90 115 90

mode: 2  totalTime[sec]:2.00
 new: 72.19 100.66 130.12 93.11 115.00 90.00 
 old: 108.29 25.66 88.38 180.00 0.00 90.00 
 - new:  72   old: 108   s_diff[0]: -36.10
 - new: 100   old:  25   s_diff[1]:  75.00
 - new: 130   old:  88   s_diff[2]:  41.74
 - new:  93   old: 180   s_diff[3]: -86.89
 - new: 115   old:   0   s_diff[4]: 115.00
 - new:  90   old:  90   s_diff[5]:   0.00
total_iteration:115
108  26  88 180   0  90 ----------
108  26  88 180   0  90 ----------
108  26  88 180   0  90 ----------
108  26  88 180   0  90 ----------
108  26  88 180   0  90 ----------
108  26  89 180   0  90 ----------
108  26  89 180   1  90 ----------
108  26  89 179   1  90 ----------
108  26  89 179   1  90 ----------
108  27  89 179   1  90 ----------
108  27  89 179   2  90 ----------
108  27  89 178   2  90 ----------
108  27  89 178   3  90 ----------
107  28  89 178   3  90 ----------
107  28  90 177   3  90 ----------
107  28  90 177   4  90 ----------
107  29  90 177   4  90 ----------
107  29  90 176   5  90 ----------
107  29  90 176   6  90 ----------
106  30  91 175   6  90 ----------
106  30  91 175   7  90 ----------
106  31  91 174   8  90 ----------
106  31  91 174   8  90 ----------
105  32  92 173   9  90 ----------
105  32  92 172  10  90 ----------
105  33  92 172  11  90 ----------
105  33  93 171  12  90 ----------
104  34  93 170  13  90 ----------
104  35  93 170  14  90 ----------
104  35  94 169  15  90 ----------
103  36  94 168  16  90 ----------
103  37  94 167  17  90 ----------
103  37  95 167  18  90 ----------
102  38  95 166  19  90 ----------
102  39  96 165  20  90 ----------
102  40  96 164  21  90 ----------
101  40  97 163  23  90 ----------
101  41  97 162  24  90 ----------
100  42  97 161  25  90 ----------
100  43  98 160  26  90 ----------
100  44  98 159  28  90 ----------
 99  45  99 158  29  90 ----------
 99  46 100 157  31  90 ----------
 98  47 100 156  32  90 ----------
 98  48 101 155  34  90 ----------
 97  49 101 153  35  90 ----------
 97  50 102 152  37  90 ----------
 96  51 102 151  38  90 ----------
 96  52 103 150  40  90 ----------
 95  53 104 148  42  90 ----------
 95  54 104 147  43  90 ----------
 94  55 105 146  45  90 ----------
 94  56 105 144  47  90 ----------
 93  58 106 143  49  90 ----------
 92  59 107 142  51  90 ----------
 92  60 107 140  53  90 ----------
 91  61 108 139  55  90 ----------
 91  63 109 137  57  90 ----------
 90  64 110 136  58  90 ----------
 89  65 110 134  60  90 ----------
 89  66 111 133  62  90 ----------
 88  68 112 131  64  90 ----------
 88  69 112 130  66  90 ----------
 87  70 113 129  68  90 ----------
 86  71 114 127  70  90 ----------
 86  72 114 126  72  90 ----------
 85  73 115 125  73  90 ----------
 85  75 116 123  75  90 ----------
 84  76 116 122  77  90 ----------
 84  77 117 121  78  90 ----------
 83  78 117 120  80  90 ----------
 83  79 118 119  81  90 ----------
 82  80 118 117  83  90 ----------
 82  81 119 116  84  90 ----------
 81  82 120 115  86  90 ----------
 81  83 120 114  87  90 ----------
 80  83 121 113  89  90 ----------
 80  84 121 112  90  90 ----------
 80  85 121 111  91  90 ----------
 79  86 122 110  92  90 ----------
 79  87 122 109  94  90 ----------
 79  88 123 108  95  90 ----------
 78  88 123 107  96  90 ----------
 78  89 124 107  97  90 ----------
 77  90 124 106  98  90 ----------
 77  90 124 105  99  90 ----------
 77  91 125 104 100  90 ----------
 76  92 125 103 101  90 ----------
 76  92 126 103 102  90 ----------
 76  93 126 102 103  90 ----------
 76  94 126 101 104  90 ----------
 75  94 126 101 105  90 ----------
 75  95 127 100 106  90 ----------
 75  95 127  99 107  90 ----------
 75  96 127  99 107  90 ----------
 74  96 128  98 108  90 ----------
 74  97 128  98 109  90 ----------
 74  97 128  97 109  90 ----------
 74  97 128  97 110  90 ----------
 74  98 129  96 111  90 ----------
 73  98 129  96 111  90 ----------
 73  98 129  96 112  90 ----------
 73  99 129  95 112  90 ----------
 73  99 129  95 112  90 ----------
 73  99 129  95 113  90 ----------
 73 100 129  94 113  90 ----------
 73 100 130  94 114  90 ----------
 73 100 130  94 114  90 ----------
 72 100 130  94 114  90 ----------
 72 100 130  94 114  90 ----------
 72 100 130  93 115  90 ----------
 72 100 130  93 115  90 ----------
 72 101 130  93 115  90 ----------
 72 101 130  93 115  90 ----------
received: 72 100 130 93 114 90 
